[{"image_id":"397403366d784caf804d741f32fd68b9","pose":[-0.964581,0.000991067,0.263787,12.9597,-0.263786,0.00100284,-0.964581,3.81648,-0.00122064,-0.999999,-0.00070636,3.38178,0,0,0,1],"included":true,"visible":[false,true,false,false,true,false,false,false,false,false,true,true,false,false,false,false,false,false,true,false,false,false,false,false,false,false,true,false,false,false,false,false,true,true,false,false,true,false,false,false,false,true,false,true,true,false,false,false,false,true,false,false,false,false,false,false,false,false,false,false,false,false,true,true,false,false,true,true,false,false,false,false,false,false,true,true,true,false,false,false,false,false,false,false,false,false,false,false,false],"unobstructed":[false,false,false,false,false,false,false,false,false,false,false,false,false,false,false,false,false,false,false,false,false,false,false,false,false,false,false,false,false,false,false,false,false,false,false,false,true,false,false,false,false,false,false,false,false,false,false,false,false,false,false,false,false,false,false,false,false,false,false,false,false,false,false,true,false,false,false,false,false,false,false,false,false,false,false,false,false,false,false,false,false,false,false,false,false,false,false,false,false],"height":1.2585510274906753},{"image_id":"4bd82c990a6548a994daa97c8f52db06","pose":[-0.330543,-0.00456942,0.943781,11.0264,-0.943763,-0.00620264,-0.330566,1.34848,0.00736429,-0.999971,-0.00226268,4.76506,0,0,0,1],"included":true,"visible":[false,false,false,false,false,false,false,false,true,false,false,false,false,false,false,false,false,false,false,false,false,false,false,false,false,false,false,false,false,false,false,false,false,false,false,false,false,false,false,false,false,false,false,false,false,false,false,false,false,false,false,false,false,false,false,false,true,false,false,true,false,false,false,false,false,false,false,false,false,false,false,false,false,false,false,false,false,false,false,false,false,false,false,false,false,false,false,true,false],"unobstructed":[false,false,false,false,false,false,true,false,true,false,false,false,false,false,false,false,false,false,false,false,false,false,false,false,false,false,false,false,false,false,false,false,false,false,false,false,false,false,false,false,false,false,false,false,false,false,false,false,false,false,false,false,false,false,false,false,true,false,false,false,false,false,true,false,false,false,false,false,false,false,false,false,false,false,false,false,false,false,false,false,false,false,false,false,false,false,false,true,false],"height":1.579966833636349},{"image_id":"efc16a390eb54273be07a53c9ac005b3","pose":[-0.767502,-0.0125306,0.640926,6.4885,-0.640836,-0.0107252,-0.767604,-0.0872714,0.0164924,-0.999864,0.000201045,-1.96374,0,0,0,1],"included":true,"visible":[false,false,false,false,false,false,false,false,false,false,false,false,false,false,false,false,false,false,false,false,false,false,false,false,false,false,false,false,true,false,false,false,false,false,false,false,false,false,false,false,false,false,false,false,false,false,false,false,true,false,false,false,false,false,false,false,false,false,false,false,false,false,false,false,false,false,false,false,false,false,false,false,false,false,false,false,false,false,false,false,false,false,false,false,false,false,false,false,false],"unobstructed":[false,false,false,false,false,false,false,false,false,false,false,false,false,false,false,false,false,false,false,false,false,false,false,false,false,false,false,false,true,false,false,false,false,false,false,false,false,false,false,false,false,false,false,false,false,false,false,false,false,false,false,false,false,false,false,false,false,false,false,false,false,false,false,false,false,false,false,false,false,false,false,false,false,false,false,false,false,false,false,false,false,false,false,false,false,false,false,false,false],"height":1.5904404759981063},{"image_id":"74ab065a407340d2a67a66e54d64d309","pose":[0.606048,0.00617472,-0.795404,24.228,0.79539,0.00513919,0.606077,6.30949,0.00782995,-0.999968,-0.00179718,1.56509,0,0,0,1],"included":true,"visible":[false,false,false,false,false,false,false,false,false,false,false,false,false,false,false,false,false,false,false,true,false,false,false,false,false,false,false,false,false,false,false,false,false,false,false,true,false,false,false,false,false,false,false,false,false,false,false,true,false,false,false,false,false,false,false,false,false,false,false,false,false,false,false,false,false,false,false,false,false,false,true,false,false,false,false,false,false,true,false,true,false,false,false,false,false,false,false,false,false],"unobstructed":[false,false,false,false,false,false,false,false,false,false,false,false,false,false,false,false,false,false,false,false,false,false,false,false,false,false,false,false,false,false,false,false,false,false,false,false,false,false,false,false,false,false,false,false,false,false,false,false,false,false,false,false,false,false,false,false,false,false,false,false,false,false,false,false,false,false,false,false,false,false,false,false,false,false,false,false,false,true,false,true,false,false,false,false,false,false,false,false,false],"height":1.6115985586752553},{"image_id":"687fece4613a4bc3b1504783bd73aff0","pose":[-0.213038,0.00545963,0.977029,-0.066028,-0.977035,-0.0054741,-0.213009,3.238,0.00418527,-0.99997,0.00649998,4.77785,0,0,0,1],"included":true,"visible":[false,false,false,false,false,false,false,false,false,false,false,true,false,false,false,false,false,false,true,false,false,false,false,false,false,false,true,false,false,false,false,false,true,false,false,false,false,false,false,false,false,false,false,false,false,true,false,false,false,false,false,true,false,false,false,false,false,false,false,false,false,false,true,true,false,false,false,false,false,false,false,false,false,false,false,false,true,false,false,false,false,false,false,false,false,false,false,false,false],"unobstructed":[false,false,false,false,false,false,false,false,false,false,false,false,false,false,false,false,false,false,true,false,false,false,false,false,false,false,false,false,false,false,false,false,true,false,false,false,false,false,true,false,false,false,false,false,false,false,false,false,false,false,false,true,false,false,false,false,false,false,false,false,false,false,false,false,false,false,false,false,false,false,false,false,false,false,false,false,false,false,false,false,false,false,false,false,false,false,false,false,false],"height":1.5788635856611233},{"image_id":"8836420cacbe4c37a57a8f8645da320b","pose":[-0.978644,-0.0152489,0.205001,11.1798,-0.204875,-0.00942866,-0.978743,3.71012,0.0168575,-0.99984,0.00610272,-1.05453,0,0,0,1],"included":true,"visible":[false,false,false,false,false,false,false,false,false,false,false,false,false,true,false,true,false,false,false,false,false,false,false,true,false,false,false,false,false,false,false,true,false,false,true,false,false,false,false,false,false,false,false,false,false,false,true,false,true,false,true,false,false,false,false,false,false,true,false,false,true,false,false,false,false,false,false,false,true,false,false,false,false,false,false,false,false,false,false,false,false,true,false,false,true,false,false,false,false],"unobstructed":[false,false,false,false,false,false,false,false,false,false,false,false,false,false,false,false,false,false,false,false,false,false,false,true,false,false,false,false,false,false,false,false,false,false,true,false,false,false,false,false,false,false,false,false,false,false,false,false,false,false,false,false,false,false,false,false,false,false,false,false,false,false,false,false,false,false,false,false,true,false,false,false,false,false,false,false,false,false,false,false,false,false,false,false,false,false,false,false,false],"height":1.251637846262543},{"image_id":"65763d39327d429aacb2ec382859e562","pose":[-0.283403,-0.00059931,0.959001,9.79137,-0.958978,-0.00685626,-0.283401,2.9064,0.00674487,-0.999977,0.00136789,4.77702,0,0,0,1],"included":true,"visible":[false,false,false,false,false,false,false,false,false,false,false,true,false,false,false,false,false,false,true,false,true,false,false,false,false,false,true,false,false,false,false,false,true,false,false,false,false,false,false,false,false,false,false,false,false,false,false,false,false,false,false,false,false,false,false,false,false,false,false,false,false,false,true,true,false,false,false,false,false,false,false,false,false,false,false,false,true,false,false,false,false,false,false,false,false,false,false,false,false],"unobstructed":[false,true,false,false,false,false,false,false,false,false,false,false,false,false,false,false,false,false,false,false,true,false,false,false,false,false,false,false,false,false,false,false,false,false,false,false,false,false,false,false,false,false,false,false,false,false,false,false,false,false,false,false,false,false,false,false,false,false,false,false,false,false,true,false,false,false,false,false,false,false,false,false,false,false,false,false,true,false,false,false,false,false,false,false,false,false,false,false,false],"height":1.5788817491956602},{"image_id":"2f78f0c5a7714e29a93fe5cb72bea6bc","pose":[0.879959,0.0166574,-0.474759,3.46999,0.474463,0.0189183,0.880073,1.65971,0.0236412,-0.999682,0.00874353,4.76625,0,0,0,1],"included":true,"visible":[false,false,false,false,true,false,false,false,false,false,false,false,false,false,false,false,false,false,false,false,true,false,false,false,false,false,false,false,false,false,false,false,true,false,false,false,false,false,true,false,false,false,false,false,false,false,false,false,false,false,false,true,false,false,false,false,false,false,false,false,false,false,false,false,false,false,false,false,false,false,false,false,false,false,false,false,false,false,false,false,false,false,false,true,false,false,false,false,false],"unobstructed":[false,false,false,false,false,false,false,false,false,false,false,false,false,false,false,false,false,false,true,false,false,false,false,false,false,false,false,false,false,false,false,false,true,false,false,false,false,false,false,false,false,false,false,false,false,false,false,false,false,false,false,true,false,false,false,false,false,false,false,false,false,false,false,false,false,false,false,false,false,false,false,false,false,false,false,false,false,false,false,false,false,false,false,true,false,false,false,false,false],"height":1.5833117090540805},{"image_id":"b27908161ec6419eb6bb5313178d59e7","pose":[-0.511488,-0.00968576,-0.859236,11.4286,0.859098,0.0154033,-0.51158,-1.70935,0.0181899,-0.999835,0.000441955,4.75211,0,0,0,1],"included":true,"visible":[false,true,false,false,false,false,false,false,false,false,false,false,false,false,false,false,false,false,false,false,false,false,false,false,false,false,false,true,false,false,false,false,false,false,false,false,false,false,false,false,false,false,false,false,false,false,false,false,false,false,false,false,false,false,true,false,false,false,false,false,false,true,false,false,false,false,false,false,false,false,false,false,false,true,false,false,false,false,false,false,false,false,false,false,false,false,false,true,false],"unobstructed":[false,true,false,false,false,false,false,false,false,false,false,false,false,false,false,false,false,false,false,false,false,false,false,false,false,false,false,false,false,false,false,false,false,false,false,false,false,false,false,false,false,false,false,false,false,false,false,false,false,false,false,false,false,false,true,false,false,false,false,false,false,true,false,false,false,false,false,false,false,false,false,false,false,false,false,false,false,false,false,false,false,false,false,false,false,false,false,true,false],"height":1.5875730247295499},{"image_id":"4214a9b1607e4cbea8dcdb42a4952796","pose":[0.848838,0.0124748,-0.528507,14.7437,0.528507,0.0036047,0.848921,2.64314,0.0124951,-0.999916,-0.00353367,1.56959,0,0,0,1],"included":true,"visible":[false,false,false,false,false,false,false,false,false,false,true,false,false,false,false,false,false,false,false,false,false,true,false,false,false,false,false,false,false,false,false,true,false,true,false,false,false,true,false,false,false,false,false,false,true,false,false,false,false,true,false,false,false,false,false,false,false,false,false,false,false,false,false,false,true,false,true,true,false,false,false,true,false,false,false,true,false,false,true,false,false,false,false,false,false,false,true,false,false],"unobstructed":[false,false,false,false,false,false,false,false,false,false,false,false,false,false,false,false,false,false,false,false,false,true,false,false,false,false,false,false,false,false,false,true,false,false,false,false,false,false,false,false,false,false,false,false,false,false,false,false,false,false,false,false,false,false,false,false,false,false,false,false,false,false,false,false,false,false,false,false,false,false,false,true,false,false,false,false,false,false,false,false,false,false,false,false,false,false,true,false,false],"height":1.5841015330876684},{"image_id":"69fad7dd177847dbabf69e8fb7c00ddf","pose":[0.966902,0.0130962,-0.254815,7.089,0.254858,-0.00166581,0.966977,2.67557,0.0122392,-0.999913,-0.00494883,1.5867,0,0,0,1],"included":true,"visible":[true,false,false,false,false,false,false,false,false,true,false,false,false,false,false,false,false,false,false,false,false,true,false,false,false,false,false,false,false,false,false,false,false,true,false,false,true,true,false,false,false,false,false,false,true,false,false,false,false,true,false,false,false,false,false,false,false,false,false,false,false,false,false,true,true,false,true,true,false,false,false,true,false,false,true,true,false,false,true,false,false,false,false,false,false,false,true,false,false],"unobstructed":[false,false,false,false,false,false,false,false,false,false,false,false,false,false,false,false,false,false,false,false,false,false,false,false,false,false,false,false,false,false,false,false,false,false,false,false,false,false,false,false,false,false,false,false,false,false,false,false,false,false,false,false,false,false,false,false,false,false,false,false,false,false,false,false,false,false,false,true,false,false,false,false,false,false,true,true,false,false,false,false,false,false,false,false,false,false,false,false,false],"height":1.5949923615793988},{"image_id":"8f9f3441c9714b36ae836fb9c0f8427e","pose":[-0.339983,0.000125639,0.940432,14.894,-0.940414,-0.00631318,-0.339975,2.36059,0.00589426,-0.99998,0.00226406,4.77953,0,0,0,1],"included":true,"visible":[true,false,false,false,false,false,true,false,false,false,false,false,false,false,true,false,false,false,true,false,false,false,false,false,false,false,true,false,false,false,false,false,true,false,false,false,false,false,false,false,false,true,false,false,false,false,false,false,false,false,false,false,false,false,true,false,false,false,false,true,false,true,true,true,false,false,false,false,false,false,false,false,false,false,false,false,false,false,false,false,false,false,false,false,false,false,false,false,false],"unobstructed":[false,false,false,false,false,false,false,false,false,false,false,false,false,false,false,false,false,false,false,false,false,false,false,false,false,false,true,false,false,false,false,false,false,false,false,false,false,false,false,false,false,true,false,false,false,false,false,false,false,false,false,false,false,false,false,false,false,false,false,false,false,false,true,true,false,false,false,false,false,false,false,false,false,false,false,false,false,false,false,false,false,false,false,false,false,false,false,false,false],"height":1.5796183827011747},{"image_id":"924d79eb7fdf4504a97a22e1d96b2a6a","pose":[-0.987173,-0.0198066,-0.158425,17.5395,0.158649,-0.0102513,-0.987282,0.558977,0.0179305,-0.999752,0.0132616,1.59592,0,0,0,1],"included":true,"visible":[false,false,false,false,false,false,false,false,false,false,false,false,false,false,false,false,true,false,false,false,false,false,false,false,false,false,false,false,false,false,false,false,false,false,false,true,false,true,false,true,false,false,true,false,false,false,false,false,false,false,false,false,false,false,false,false,false,false,true,false,false,false,false,false,true,true,false,false,false,true,false,false,false,false,false,false,false,false,false,false,false,false,true,false,false,false,false,false,false],"unobstructed":[false,false,false,false,false,false,false,false,false,false,false,false,false,false,false,false,false,false,false,false,false,false,false,false,false,false,false,false,false,false,false,false,false,false,false,true,false,true,false,true,false,false,false,false,false,false,false,false,false,false,false,false,false,false,false,false,false,false,false,false,false,false,false,false,true,true,false,false,false,false,false,false,false,false,false,false,false,false,false,false,false,false,true,false,false,false,false,false,false],"height":1.5840446131350665},{"image_id":"23c2318da20e4aa28c74ee745eb03c75","pose":[0.173327,0.00210412,0.984863,10.6497,-0.984667,-0.0196779,0.173335,0.600303,0.0197446,-0.999804,-0.00133933,-1.95337,0,0,0,1],"included":true,"visible":[false,false,false,false,false,true,false,false,false,false,false,false,false,false,false,true,false,false,false,false,false,false,false,true,false,false,false,false,false,false,false,false,false,false,true,false,false,false,false,false,false,false,false,false,false,false,true,false,true,false,true,false,false,false,false,true,false,false,false,false,true,false,false,false,false,false,false,false,true,false,false,false,false,false,false,false,false,false,false,false,false,true,false,false,true,true,false,false,true],"unobstructed":[false,false,false,false,false,false,false,false,false,false,false,false,false,false,false,true,false,false,false,false,false,false,false,false,false,false,false,false,false,false,false,false,false,false,false,false,false,false,false,false,false,false,false,false,false,false,true,false,false,false,false,false,false,false,false,false,false,false,false,false,false,false,false,false,false,false,false,false,false,false,false,false,false,false,false,false,false,false,false,false,false,true,false,false,false,false,false,false,false],"height":1.5801316143279007},{"image_id":"f08482ae99a841d882f8d40ce2646f62","pose":[-0.234097,0.00433335,0.972204,15.3578,-0.971937,-0.0248937,-0.233922,-1.39514,0.023188,-0.999681,0.0100388,4.75586,0,0,0,1],"included":true,"visible":[false,false,false,false,false,false,false,false,false,false,false,true,false,false,false,false,false,false,false,false,false,false,false,false,false,false,true,false,false,false,false,false,false,false,false,false,false,false,false,false,false,true,false,false,false,true,false,false,false,false,false,true,false,false,false,false,false,false,false,true,false,true,false,false,false,false,false,false,false,false,false,false,false,false,false,false,false,false,false,false,false,false,false,false,false,false,false,false,false],"unobstructed":[false,false,false,false,false,false,false,false,false,false,false,false,false,false,false,false,false,false,false,false,false,false,false,false,false,false,false,false,false,false,false,false,false,false,false,false,false,false,false,false,false,false,false,false,false,false,false,false,false,false,false,false,false,false,false,false,false,false,false,true,false,true,false,false,false,false,false,false,false,false,false,false,false,false,false,false,false,false,false,false,false,false,false,false,false,false,false,false,false],"height":1.5876542999205965},{"image_id":"9d26c238860b4508aaff3299af4c1681","pose":[0.272361,0.00455716,0.962185,8.33247,-0.96203,-0.0172806,0.272399,0.968016,0.0178683,-0.999841,-0.000322898,-1.9521,0,0,0,1],"included":true,"visible":[false,false,false,false,false,true,false,false,false,false,false,false,false,true,false,false,false,false,false,false,false,false,false,true,false,false,false,false,false,false,false,true,false,false,true,false,false,false,false,false,false,false,false,false,false,false,true,false,false,false,true,false,false,false,false,true,false,false,false,false,true,false,false,false,false,false,false,false,true,false,false,false,false,false,false,false,false,false,false,false,false,true,false,false,true,true,false,false,true],"unobstructed":[false,false,false,false,false,false,false,false,false,false,false,false,false,true,false,false,false,false,false,false,false,false,false,false,false,false,false,false,false,false,false,false,false,false,true,false,false,false,false,false,false,false,false,false,false,false,true,false,false,false,true,false,false,false,false,false,false,false,false,false,false,false,false,false,false,false,false,false,true,false,false,false,false,false,false,false,false,false,false,false,false,true,false,false,false,false,false,false,false],"height":1.5875327444825549},{"image_id":"006712c7ac144e9f9d36be2efd86ca61","pose":[0.809525,0.0154211,-0.586884,24.5663,0.587087,-0.0216089,0.809236,1.56589,-0.000202697,-0.999648,-0.0265469,1.59709,0,0,0,1],"included":true,"visible":[false,false,false,false,false,false,false,false,false,true,false,false,true,false,false,false,false,false,false,false,false,false,false,false,false,false,false,false,false,false,false,false,false,true,false,false,false,false,false,true,false,false,false,false,false,false,false,true,false,false,false,false,false,false,false,false,false,false,true,false,false,false,false,false,true,false,false,false,false,true,false,true,false,false,false,false,false,false,false,false,false,false,true,false,false,false,true,false,false],"unobstructed":[false,false,false,false,false,false,false,false,false,false,false,false,false,false,false,false,false,false,false,false,false,false,false,false,false,false,false,false,false,false,false,false,false,false,false,false,false,false,false,false,false,false,false,false,false,false,false,true,false,false,false,false,false,false,false,false,false,false,true,false,false,false,false,false,false,false,false,false,false,false,false,false,false,false,false,false,false,false,false,false,false,false,false,false,false,false,false,false,false],"height":1.5903102680992458},{"image_id":"fc40a29412bd43d58978091b6ff4141a","pose":[-0.274526,0.00220964,0.961577,2.31713,-0.961397,-0.0201207,-0.274429,-1.10904,0.018741,-0.999795,0.00764752,-1.98614,0,0,0,1],"included":true,"visible":[false,false,false,false,false,false,false,false,false,false,false,false,false,false,false,false,false,false,false,false,false,false,false,false,false,true,false,false,false,true,false,false,false,false,false,false,false,false,false,false,false,false,false,false,false,false,false,false,false,false,false,false,false,false,false,false,false,true,false,false,false,false,false,false,false,false,false,false,false,false,false,false,false,false,false,false,false,false,false,false,false,false,false,false,false,false,false,false,false],"unobstructed":[false,false,false,false,false,false,false,false,false,false,false,false,false,false,false,false,false,false,false,false,false,false,false,false,false,true,false,false,false,true,true,false,false,false,false,false,false,false,false,false,false,false,false,false,false,false,false,false,false,false,false,false,false,false,false,false,false,true,false,false,false,false,false,false,false,false,false,false,false,false,false,false,false,false,false,false,false,false,false,false,false,false,false,false,false,false,false,false,false],"height":1.5678059011422694},{"image_id":"bd870ff6a4be40e6b942101d1550fb21","pose":[-0.959529,-0.0155668,0.281181,1.4188,-0.281215,0.0000527373,-0.959645,4.1807,0.0149236,-0.999879,-0.00442869,4.79361,0,0,0,1],"included":true,"visible":[false,false,false,false,true,false,true,false,false,false,false,true,false,false,false,false,false,false,false,false,false,false,false,false,false,false,true,false,false,false,false,false,true,false,false,false,false,false,false,false,false,false,false,false,false,false,false,false,false,false,false,true,false,false,false,false,false,false,false,false,false,false,true,true,false,false,false,false,false,false,false,false,false,false,false,false,true,false,false,false,false,false,false,true,false,false,false,false,false],"unobstructed":[false,false,false,false,true,false,false,true,false,false,false,false,false,false,false,false,false,false,false,false,false,false,false,false,false,false,false,false,false,false,false,false,true,false,false,false,false,false,true,false,false,false,false,false,false,false,false,false,false,false,false,true,false,false,false,false,false,false,false,false,false,false,false,false,false,false,false,false,false,false,false,false,false,false,false,false,false,false,false,false,false,false,false,false,false,false,false,false,false],"height":1.5835767517587902},{"image_id":"3c62d0c1ef944520aa557378c7234b25","pose":[0.0637416,-0.0030061,-0.997962,21.0249,0.997947,0.00645737,0.0637211,5.77594,0.00625252,-0.999975,0.00341106,1.5767,0,0,0,1],"included":true,"visible":[false,false,false,true,false,false,false,false,false,false,false,false,false,false,false,false,false,false,false,false,false,false,false,false,false,false,false,false,false,false,false,false,false,false,false,true,false,false,false,false,false,false,false,false,false,false,false,false,false,false,false,false,false,false,false,false,false,false,false,false,false,false,false,false,false,false,false,false,false,false,true,false,false,false,false,false,false,true,false,false,false,false,false,false,false,false,false,false,false],"unobstructed":[false,false,false,false,false,false,false,false,false,false,false,false,false,false,false,false,false,false,false,false,false,false,false,false,false,false,false,false,false,false,false,false,false,false,false,false,false,false,false,false,false,false,false,false,false,false,false,false,false,false,false,false,false,false,false,false,false,false,false,false,false,false,false,false,false,false,false,false,false,false,true,false,false,false,false,false,false,true,false,false,false,false,false,false,false,false,false,false,false],"height":1.6140266882204577},{"image_id":"0252edd759c5485fbf6b5f55f0146646","pose":[-0.0109987,-0.00295272,-0.999935,7.34716,0.999646,0.0242123,-0.0110671,5.39279,0.0242433,-0.999703,0.0026849,4.80665,0,0,0,1],"included":true,"visible":[false,false,false,false,false,false,true,true,false,false,false,false,false,false,false,false,false,false,false,false,false,false,false,false,false,false,false,false,false,false,false,false,true,false,false,false,false,false,false,false,false,false,false,false,false,false,false,false,false,false,false,false,false,true,false,false,false,false,false,false,false,false,false,false,false,false,false,false,false,false,false,false,false,false,false,false,true,false,false,false,false,false,false,false,false,false,false,false,false],"unobstructed":[false,false,false,false,false,false,true,false,false,false,false,false,false,false,false,false,false,false,false,false,false,false,false,false,false,false,false,false,false,false,false,false,true,false,false,false,false,false,false,false,false,false,false,false,false,false,false,false,false,false,false,false,false,false,false,false,false,false,false,false,false,false,false,false,false,false,false,false,false,false,false,false,true,false,false,false,true,false,false,false,false,false,false,false,false,false,false,false,false],"height":1.5846498379197183},{"image_id":"4a2b6fa66ac54acfbae98270236548a6","pose":[-0.874138,-0.0198016,-0.485274,14.8175,0.485344,0.00146658,-0.874323,3.88621,0.0180245,-0.999803,0.0083281,1.57821,0,0,0,1],"included":true,"visible":[false,false,false,false,false,true,false,false,false,true,false,false,false,false,false,false,false,false,false,false,false,false,false,true,false,false,false,false,false,false,false,true,false,true,true,false,false,false,false,false,false,false,false,false,true,false,false,false,true,false,true,false,false,false,false,false,false,true,false,false,true,false,false,false,false,false,true,false,true,false,false,true,false,false,false,true,false,false,false,false,false,false,false,false,false,false,true,false,false],"unobstructed":[false,false,false,false,false,false,false,false,false,true,false,false,false,false,false,false,false,false,false,false,false,false,false,false,false,false,false,false,false,false,false,true,false,false,false,false,false,false,false,false,false,false,false,false,false,false,false,false,false,false,false,false,false,false,false,false,false,false,false,false,false,false,false,false,false,false,false,false,false,false,false,true,false,false,false,false,false,false,false,false,false,false,false,false,false,false,false,false,false],"height":1.5948375510121056},{"image_id":"58f832b9cb414e1881828021f700afc6","pose":[0.287711,-0.000596839,0.957717,8.77399,-0.957506,-0.0212313,0.287635,-0.3518,0.0201617,-0.999775,-0.00668042,1.59266,0,0,0,1],"included":true,"visible":[false,false,false,false,false,false,false,false,false,false,false,false,false,false,false,false,false,false,false,false,false,false,false,false,true,false,false,false,false,false,false,false,false,false,false,false,false,false,false,false,true,false,false,true,false,false,false,false,false,false,false,false,false,false,false,false,false,false,false,false,false,false,false,false,false,false,false,false,false,false,false,false,false,false,false,true,false,false,false,false,false,false,false,false,false,false,false,false,false],"unobstructed":[false,false,false,false,false,false,false,false,false,false,false,false,false,false,false,false,false,false,false,false,false,false,false,false,true,false,false,false,false,false,false,false,false,false,false,false,false,false,false,false,true,false,false,false,false,false,false,false,false,false,false,false,false,false,false,false,false,false,false,false,false,false,false,false,false,false,false,false,false,false,false,false,false,false,false,false,false,false,false,false,false,false,false,false,false,false,false,false,false],"height":1.591536834467163},{"image_id":"82e8acfab99d4441ac4da5bf22c2642d","pose":[-0.962443,-0.00863948,0.27135,12.4235,-0.271193,-0.0159598,-0.962393,3.71978,0.0126451,-0.999836,0.0130169,-0.190388,0,0,0,1],"included":true,"visible":[false,false,false,false,false,true,false,false,false,false,false,false,false,true,false,true,false,false,false,false,false,true,false,false,false,false,false,false,false,false,false,true,false,false,true,false,false,false,false,false,false,false,false,false,false,false,true,false,true,false,true,false,false,false,false,false,false,true,false,false,true,false,false,false,false,false,false,false,true,false,false,false,false,false,false,false,false,false,false,false,false,true,false,false,false,false,false,false,true],"unobstructed":[false,false,false,false,false,true,false,false,false,false,false,false,false,false,false,false,false,false,false,false,false,false,false,false,false,false,false,false,false,false,false,true,false,false,false,false,false,false,false,false,false,false,false,false,false,false,false,false,false,false,false,false,false,false,false,false,false,false,false,false,false,false,false,false,false,false,false,false,false,false,false,false,false,false,false,false,false,false,false,false,false,false,false,false,false,false,false,false,false],"height":1.2023435041557682},{"image_id":"4b85d61dd3a94e8a812affe78f3a322d","pose":[0.303713,0.00946908,0.952717,8.77027,-0.952476,-0.0215604,0.303851,0.534716,0.023418,-0.999723,0.00247044,1.58198,0,0,0,1],"included":true,"visible":[false,false,false,false,false,false,false,false,false,false,false,false,false,false,false,false,false,false,false,false,false,false,true,false,false,false,false,false,false,false,false,false,false,false,false,false,false,false,false,false,true,false,false,true,false,false,false,false,false,false,false,false,false,false,false,false,false,false,false,false,false,false,false,false,false,false,false,false,false,false,false,false,false,false,false,true,false,false,false,false,false,false,false,false,false,false,false,false,false],"unobstructed":[false,false,false,false,false,false,false,false,false,false,false,false,false,false,false,false,false,false,false,false,false,false,true,false,false,false,false,false,false,false,false,false,false,false,false,false,false,false,false,false,true,false,false,true,false,false,false,false,false,false,false,false,false,false,false,false,false,false,false,false,false,false,false,false,false,false,false,false,false,false,false,false,false,false,false,false,false,false,false,false,false,false,false,false,false,false,false,false,false],"height":1.585959748002129},{"image_id":"32073c62923f40c590dcac826c72e2a7","pose":[0.992033,0.0163581,-0.124916,1.08773,0.124932,0.00000479165,0.992166,0.892166,0.0162304,-0.999866,-0.00203937,-1.96951,0,0,0,1],"included":true,"visible":[false,false,false,false,false,false,false,false,false,false,false,false,false,false,false,false,false,true,false,false,false,false,false,false,false,false,false,false,false,true,true,false,false,false,false,false,false,false,false,false,false,false,false,false,false,false,false,false,false,false,false,false,false,false,false,false,false,true,false,false,false,false,false,false,false,false,false,false,false,false,false,false,false,false,false,false,false,false,false,false,false,false,false,false,false,false,false,false,false],"unobstructed":[false,false,false,false,false,false,false,false,false,false,false,false,false,false,false,false,false,true,false,false,false,false,false,false,false,false,false,false,false,true,true,false,false,false,false,false,false,false,false,false,false,false,false,false,false,false,false,false,false,false,false,false,false,false,false,false,false,false,false,false,false,false,false,false,false,false,false,false,false,false,false,false,false,false,false,false,false,false,false,false,false,false,false,false,false,false,false,false,false],"height":1.576411515501734},{"image_id":"29fb3c58b29348558d36a9f9440a1379","pose":[-0.859224,-0.0158645,-0.511354,14.9625,0.511197,0.0130716,-0.859365,3.74322,0.0203175,-0.999789,-0.003122,4.7957,0,0,0,1],"included":true,"visible":[true,false,false,false,true,false,true,false,false,false,true,true,false,false,true,false,false,false,true,false,false,false,false,false,false,false,false,false,false,false,false,false,true,true,false,false,true,false,false,false,false,true,false,false,true,false,false,false,false,false,false,false,false,false,false,false,false,false,false,true,false,true,true,true,false,false,false,true,false,false,false,false,false,false,false,true,true,false,false,false,false,false,false,false,false,false,false,false,false],"unobstructed":[false,false,false,false,false,false,false,false,false,false,false,true,false,false,false,false,false,false,false,false,false,false,false,false,false,false,false,false,false,false,false,false,false,false,false,false,false,false,false,false,false,false,false,false,false,false,false,false,false,false,false,false,false,false,false,false,false,false,false,false,false,false,true,true,false,false,false,false,false,false,false,false,false,false,false,false,false,false,false,false,false,false,false,false,false,false,false,false,false],"height":1.5802196281294538},{"image_id":"67971a17c26f4e2ca117b4fca73507fe","pose":[0.53639,0.00538541,0.843954,7.91469,-0.843954,-0.00305819,0.536409,-0.421668,0.00546962,-0.999981,0.00290418,4.76171,0,0,0,1],"included":true,"visible":[false,false,false,false,false,false,false,false,true,false,false,false,false,false,false,false,false,false,false,false,true,false,false,false,false,false,false,false,false,false,false,false,true,false,false,false,false,false,false,false,false,false,false,false,false,true,false,false,false,false,false,true,false,true,true,false,false,false,false,true,false,true,false,false,false,false,false,false,false,false,false,false,false,true,false,false,false,false,false,false,false,false,false,true,false,false,false,true,false],"unobstructed":[false,false,false,false,false,false,false,false,false,false,false,false,false,false,false,false,false,false,false,false,false,false,false,false,false,false,false,false,false,false,false,false,false,false,false,false,false,false,false,false,false,false,false,false,false,true,false,false,false,false,false,false,false,true,true,false,false,false,false,false,false,false,false,false,false,false,false,false,false,false,false,false,false,false,false,false,false,false,false,false,false,false,false,false,false,false,false,false,false],"height":1.5858235722699212},{"image_id":"8c29de2e66404a1faf0d953ae8bb67cf","pose":[-0.845194,-0.0169808,0.53419,6.24566,-0.534027,-0.0134125,-0.845362,1.69064,0.0215197,-0.999766,0.00226751,-1.94687,0,0,0,1],"included":true,"visible":[false,false,true,false,false,false,false,false,false,false,false,false,false,false,false,false,false,false,false,false,false,false,false,false,false,false,false,false,false,false,false,false,false,false,false,false,false,false,false,false,false,false,false,false,false,false,false,false,true,false,true,false,false,false,false,false,false,false,false,false,true,false,false,false,false,false,false,false,false,false,false,false,false,false,false,false,false,false,false,false,false,false,false,false,false,false,false,false,false],"unobstructed":[false,false,true,false,false,false,false,false,false,false,false,false,false,false,false,false,false,false,false,false,false,false,false,false,false,false,false,false,false,false,false,false,false,false,false,false,false,false,false,false,false,false,false,false,false,false,false,false,true,false,true,false,false,false,false,false,false,false,false,false,false,false,false,false,false,false,false,false,false,false,false,false,false,false,false,false,false,false,false,false,false,false,false,false,false,false,false,false,false],"height":1.5917261291163527},{"image_id":"ffbed768a549496c9752a736bff9efd5","pose":[0.464783,0.0117726,0.885347,3.14734,-0.88508,-0.021756,0.464931,1.69486,0.0247349,-0.999694,0.000307471,-1.96407,0,0,0,1],"included":true,"visible":[false,false,false,false,false,false,false,false,false,false,false,false,false,false,false,false,false,true,false,false,false,false,false,false,false,true,false,false,false,false,true,false,false,false,false,false,false,false,false,false,false,false,false,false,false,false,false,false,false,false,false,false,false,false,false,false,false,true,false,false,false,false,false,false,false,false,false,false,false,false,false,false,false,false,false,false,false,false,false,false,false,false,false,false,false,false,false,false,false],"unobstructed":[false,false,false,false,false,false,false,false,false,false,false,false,false,false,false,false,false,true,false,false,false,false,false,false,false,true,false,false,false,false,false,false,false,false,false,false,false,false,false,false,false,false,false,false,false,false,false,false,false,false,false,false,false,false,false,false,false,true,false,false,false,false,false,false,false,false,false,false,false,false,false,false,false,false,false,false,false,false,false,false,false,false,false,false,false,false,false,false,false],"height":1.5853084607026742},{"image_id":"468345e4a74c432290ed59865e01d9e0","pose":[0.980621,0.0157839,-0.195281,-0.522902,0.195357,-0.00334698,0.980727,0.940201,0.014826,-0.99987,-0.00636608,-1.97188,0,0,0,1],"included":true,"visible":[false,false,false,false,false,false,false,false,false,false,false,false,false,false,false,false,false,true,false,false,false,false,false,false,false,true,false,false,false,true,false,false,false,false,true,false,false,false,false,false,false,false,false,false,false,false,false,false,true,false,false,false,false,false,false,false,false,true,false,false,false,false,false,false,false,false,false,false,false,false,false,false,false,false,false,false,false,false,false,false,false,false,false,false,false,fal