[{"image_id":"c9e8dc09263e4d0da77d16de0ecddd39","pose":[-0.611043,-0.00396746,-0.791588,-0.213904,0.791585,-0.00882497,-0.610996,2.305,-0.00456166,-0.999953,0.00853306,1.56916,0,0,0,1],"included":true,"visible":[false,false,false,false,true,true,false,true,true,true,false,false,false,false,false,false,false,false,false,false],"unobstructed":[false,false,false,false,true,false,false,false,true,true,false,false,false,false,false,false,false,false,false,false],"height":1.5826326295962942},{"image_id":"286b0c2d9a46408ba80b6ccebb21e582","pose":[0.951596,0.00201098,0.307346,6.58012,-0.307351,0.00915895,0.951552,-2.96479,-0.000901435,-0.999956,0.00933374,4.36353,0,0,0,1],"included":true,"visible":[false,false,true,true,false,false,false,false,false,false,false,false,false,true,false,true,false,true,false,true],"unobstructed":[false,false,false,true,false,false,false,false,false,false,false,false,false,true,false,false,false,true,true,false],"height":1.5712253956498747},{"image_id":"6776097c17ed4b93aee61704eb32f06c","pose":[-0.711582,-0.00419131,-0.702591,-1.68941,0.702575,0.00464776,-0.711594,-5.37908,0.00624796,-0.99998,-0.000362505,1.58622,0,0,0,1],"included":true,"visible":[false,false,false,false,false,true,true,true,false,true,false,true,false,false,true,false,true,false,false,false],"unobstructed":[false,false,false,false,false,true,true,false,false,false,false,true,false,false,false,false,false,false,false,true],"height":1.5804941871490743},{"image_id":"8c7e8da7d4a44ab695e6b3195eac0cf1","pose":[0.709879,0.011247,0.704234,8.62929,-0.70424,-0.00407304,0.70995,-1.77115,0.0108531,-0.999928,0.00502926,4.38556,0,0,0,1],"included":true,"visible":[false,true,false,false,false,false,false,false,false,false,true,false,true,true,false,false,false,true,true,false],"unobstructed":[false,true,false,false,false,false,false,false,false,false,true,false,false,true,false,false,false,true,true,false],"height":1.585645804390483},{"image_id":"f33c718aaf2c41469389a87944442c62","pose":[0.619478,0.0166688,0.784837,-3.88437,-0.784902,-0.00375152,0.619609,-0.528748,0.0132725,-0.999854,0.0107595,1.58368,0,0,0,1],"included":true,"visible":[true,false,false,false,false,false,false,false,false,true,false,false,false,false,false,false,false,false,false,true],"unobstructed":[true,false,false,false,false,false,false,false,false,true,false,false,false,false,false,false,false,false,false,true],"height":1.5829827809014503},{"image_id":"fcd90a404061413385286bef9662630e","pose":[-0.111393,0.00837906,0.993741,2.80245,-0.993773,-0.00348217,-0.111367,-3.78204,0.0025272,-0.999959,0.00871482,1.58057,0,0,0,1],"included":true,"visible":[true,false,true,false,false,false,false,true,false,false,false,false,false,false,false,true,false,false,false,false],"unobstructed":[false,false,true,false,false,false,true,true,true,false,false,false,false,false,false,false,false,false,false,false],"height":1.5763528408163245},{"image_id":"c07d4ae8330542a09cf8f8dddb9728ce","pose":[-0.985207,-0.0101267,0.171069,0.656519,-0.171094,0.00168538,-0.985253,-5.08928,0.00968898,-0.999947,-0.00339301,1.57611,0,0,0,1],"included":true,"visible":[true,false,true,false,false,true,false,true,false,false,false,false,false,false,true,false,true,false,false,true],"unobstructed":[false,false,true,false,false,true,false,true,false,false,false,true,false,false,false,false,false,false,false,false],"height":1.575276915205382},{"image_id":"2393bffb53fe4205bcc67796c6fb76e3","pose":[-0.241654,0.00228344,-0.97036,3.33582,0.970294,0.0124463,-0.241608,-5.90025,0.0115256,-0.99992,-0.00522325,1.57791,0,0,0,1],"included":true,"visible":[false,false,true,false,false,true,true,false,false,false,false,false,false,false,true,false,true,false,false,false],"unobstructed":[false,false,false,false,false,true,true,false,false,false,false,false,false,false,true,false,false,false,false,false],"height":1.5730354249357412},{"image_id":"71bf74df73cd4e24a191ef4f2338ca22","pose":[0.906931,-0.00688335,-0.421222,0.122562,0.421182,-0.00662188,0.906952,-0.00319673,-0.00903217,-0.999954,-0.00310641,1.57207,0,0,0,1],"included":true,"visible":[true,false,false,false,true,true,true,true,false,true,false,false,false,false,false,false,false,false,false,false],"unobstructed":[true,false,false,false,false,true,false,false,false,true,false,false,false,false,false,false,false,false,false,false],"height":1.570272020216938},{"image_id":"be8a2edacab34ec8887ba6a7b1e4945f","pose":[0.791463,0.0101015,0.611133,-3.50132,-0.611154,-0.00121731,0.791511,1.58103,0.00873934,-0.999948,0.00521015,1.56992,0,0,0,1],"included":true,"visible":[true,false,true,false,true,false,false,true,false,false,false,true,false,false,false,false,false,false,false,true],"unobstructed":[true,false,false,false,true,false,false,false,true,false,false,false,false,false,false,false,false,false,false,false],"height":1.577126892771864},{"image_id":"9bdde31adaa1443bb206b09bfa3c474c","pose":[0.799844,0.0047414,0.60019,8.67581,-0.600208,0.0075118,0.799809,-4.8108,-0.000716311,-0.99996,0.00885413,2.82261,0,0,0,1],"included":true,"visible":[false,false,false,true,false,false,false,false,false,false,false,false,false,true,false,false,true,true,false,false],"unobstructed":[false,false,false,true,false,false,false,false,false,false,false,false,false,false,false,false,true,false,false,false],"height":1.58264400638767},{"image_id":"66d4adb61b57494aa2c1ad141a0fad9b","pose":[-0.34536,-0.0108675,-0.938407,-2.27885,0.938436,0.00459882,-0.345423,-3.2282,0.00806945,-0.99993,0.00861029,1.58739,0,0,0,1],"included":true,"visible":[false,false,true,false,false,true,true,true,false,true,false,false,false,false,true,true,false,false,false,true],"unobstructed":[false,false,true,false,false,false,true,false,false,false,false,false,false,false,false,false,false,false,false,true],"height":1.5705441219971223},{"image_id":"83ff709c0e3e46079836153ea5c7feac","pose":[0.68423,0.0137303,0.729137,3.42529,-0.729235,0.00364543,0.684254,1.65175,0.00673696,-0.999899,0.012507,4.37069,0,0,0,1],"included":true,"visible":[false,false,false,true,false,false,false,false,false,false,false,false,false,false,false,false,false,false,true,false],"unobstructed":[false,false,false,false,false,false,false,false,false,false,false,false,false,false,false,false,false,false,true,false],"height":1.578378655072358},{"image_id":"d9e325df2f3948679c78b93d8025e2da","pose":[0.826698,0.0192407,0.562317,8.49764,-0.562455,0.00220125,0.826825,-0.816805,0.0146709,-0.999812,0.0126418,4.38875,0,0,0,1],"included":true,"visible":[false,true,false,true,false,false,false,false,false,false,true,false,true,false,false,false,false,true,true,false],"unobstructed":[false,true,false,true,false,false,false,false,false,false,false,false,false,false,false,false,false,true,true,false],"height":1.5865892751674604},{"image_id":"423efb97f77f4e7995f19c66fe82afbc","pose":[0.958879,0.00141119,0.283813,5.51819,-0.283808,0.0124035,0.958801,-5.67527,-0.00216725,-0.999922,0.012294,1.58856,0,0,0,1],"included":true,"visible":[false,false,true,false,false,false,true,true,false,false,false,false,false,false,false,false,true,false,false,false],"unobstructed":[false,false,false,false,false,false,false,true,false,false,false,false,false,false,false,false,true,false,false,false],"height":1.5784339701720043},{"image_id":"6c49579a5cd34df8acb7f790b74e9eae","pose":[-0.95716,-0.00676032,-0.289482,-6.48379,0.289538,-0.00977451,-0.957117,-2.57899,0.00364085,-0.999929,0.0113132,1.59886,0,0,0,1],"included":true,"visible":[false,false,false,false,false,false,false,false,false,false,false,true,false,false,false,false,false,false,false,true],"unobstructed":[false,false,false,false,false,false,false,false,false,false,false,false,false,false,false,false,false,false,false,true],"height":1.5798282335589897},{"image_id":"aeed67040d744240b188f66f17d87d43","pose":[0.132175,0.0257204,0.990893,7.67989,-0.991226,0.00381825,0.132121,-5.81072,-0.000385302,-0.999662,0.0259995,2.29866,0,0,0,1],"included":true,"visible":[false,false,true,false,false,false,true,true,false,false,true,false,false,false,true,false,false,false,false,false],"unobstructed":[false,false,false,false,false,false,false,false,false,false,true,false,false,false,true,false,false,false,false,false],"height":1.6026680667792301},{"image_id":"aae01016bb354f78bd6db86e9d71af2b","pose":[0.0788252,0.00384462,0.996881,6.79041,-0.996887,0.00184069,0.0788186,-0.995862,-0.00153193,-0.999991,0.0039778,4.37219,0,0,0,1],"included":true,"visible":[false,true,false,true,false,false,false,false,false,false,false,false,false,true,false,false,false,false,true,false],"unobstructed":[false,true,false,true,false,false,false,false,false,false,false,false,false,true,false,false,false,false,true,false],"height":1.5770919536040346},{"image_id":"346b680ac5904359a1859c929ad312b6","pose":[-0.589008,0.00463239,0.808114,5.58585,-0.808123,0.00000695791,-0.589015,0.644327,-0.00273419,-0.999989,0.00373948,4.38174,0,0,0,1],"included":true,"visible":[false,true,false,true,false,false,false,false,false,false,false,false,true,true,false,false,false,true,false,false],"unobstructed":[false,true,false,true,false,false,false,false,false,false,false,false,true,true,false,false,false,true,false,false],"height":1.5707587596461066},{"image_id":"ae91518ed77047b3bdeeca864cd04029","pose":[0.310985,0.0070688,0.950389,-4.60607,-0.950392,-0.00460962,0.31102,-2.5949,0.00657945,-0.999964,0.00528466,1.58581,0,0,0,1],"included":true,"visible":[false,false,true,false,true,true,false,true,false,true,false,true,false,false,false,true,false,false,false,false],"unobstructed":[false,false,true,false,true,false,false,false,false,false,false,true,false,false,false,true,false,false,false,false],"height":1.5747548700639524}]