[{"image_id":"94a3c70b35444b3191ca06b9a4fac782","pose":[-0.892398,-0.0510243,0.448358,4.82923,-0.449264,0.00730954,-0.89337,-2.72849,0.042306,-0.998671,-0.0294473,1.50329,0,0,0,1],"included":true,"visible":[false,false,false,false,true,false,true,false,false,true,true,true,false,false,false,false,true,false,false,true,true,false,false,false,false,true,false,false,false,false,true,false,true,false,false,false,false,false,true,false,false,false,false,false,true,false,false,true,true,true,false,true,false,true,false,false,false,true,false,false,false,false,false,false,false,false,false,false,false,false,true],"unobstructed":[false,false,false,false,false,false,false,false,false,false,true,true,false,false,false,false,false,false,false,false,false,false,false,false,false,false,false,false,false,false,false,false,false,false,false,false,false,false,true,false,false,false,false,false,true,false,false,true,false,true,false,false,false,false,false,false,false,false,false,false,false,false,false,false,false,false,false,false,false,false,false],"height":1.5345344231826314},{"image_id":"dbd219920e0d4b44a85e550ca51cc56a","pose":[0.211453,0.0155177,0.977266,5.31289,-0.976334,-0.0431011,0.211936,0.552337,0.0454097,-0.998951,0.00603567,1.51377,0,0,0,1],"included":true,"visible":[false,false,false,false,false,false,false,false,false,false,false,false,false,false,false,false,false,false,false,false,false,false,false,false,false,false,false,false,false,true,false,false,false,false,false,false,false,false,false,false,false,false,false,false,false,false,false,false,false,false,false,false,false,false,false,false,false,false,false,false,false,false,false,false,false,false,false,false,false,false,false],"unobstructed":[false,false,false,false,false,false,false,false,false,false,false,false,false,false,false,false,false,false,false,false,false,false,false,false,false,false,false,false,false,true,false,false,false,false,false,false,false,false,false,false,false,false,false,false,false,false,false,false,false,false,false,false,false,false,false,false,false,false,false,false,false,false,false,false,false,false,false,false,false,false,false],"height":1},{"image_id":"ff3ed1ef732845839881115ed38d331f","pose":[-0.986595,-0.00807543,-0.162996,5.55903,0.162883,0.0131325,-0.986559,-6.41344,0.0101072,-0.999882,-0.0116421,4.07294,0,0,0,1],"included":true,"visible":[false,false,false,true,false,true,true,true,false,true,true,true,true,true,false,false,false,true,true,true,true,false,false,false,false,true,true,false,true,false,true,true,true,false,false,false,true,false,false,false,true,false,false,false,false,true,true,false,false,false,false,true,true,false,true,false,false,true,false,false,true,false,false,false,true,false,false,false,false,false,true],"unobstructed":[false,false,false,false,false,false,false,true,false,false,false,false,false,false,false,false,false,false,true,true,false,false,false,false,false,false,false,false,false,false,false,false,false,false,false,false,false,false,false,false,true,false,false,false,false,false,false,false,false,false,false,false,false,false,false,false,false,false,false,false,false,false,false,false,false,false,false,false,false,false,false],"height":1.3792765042200368},{"image_id":"0afa10e3865a482684ff822f9678e32c","pose":[0.353703,-0.00503306,0.935345,0.913877,-0.93521,-0.01976,0.353545,-3.98476,0.0167028,-0.999793,-0.0116971,4.96256,0,0,0,1],"included":true,"visible":[false,false,true,false,false,true,false,true,false,false,false,false,false,false,false,true,false,false,true,false,false,false,false,false,false,false,true,false,false,false,false,false,false,false,false,false,true,false,false,false,true,false,false,false,false,true,false,false,false,false,false,false,false,false,true,false,false,false,false,false,true,false,false,true,true,false,false,false,true,false,false],"unobstructed":[false,false,false,false,false,false,false,false,false,false,false,false,false,false,false,true,false,false,false,false,false,false,false,false,false,false,false,false,false,false,false,false,false,false,false,false,true,false,false,false,false,false,false,false,false,false,false,false,false,false,false,false,false,false,false,false,false,false,false,false,false,false,false,false,false,false,false,false,false,false,false],"height":1.565349757646004},{"image_id":"01b9f3583d5e45739e01e0b3cfe21c09","pose":[0.999479,0.00164608,0.0322638,4.37689,-0.0322436,-0.011265,0.999417,-6.49865,0.00200831,-0.999936,-0.011207,2.3031,0,0,0,1],"included":true,"visible":[true,false,false,false,false,false,true,false,true,true,true,false,false,true,false,false,false,true,false,true,true,false,false,false,false,false,false,false,false,false,true,false,true,false,false,true,false,true,true,false,false,false,false,false,true,false,false,true,true,true,false,true,false,false,false,false,true,false,false,false,false,false,false,false,false,false,false,false,false,true,true],"unobstructed":[false,false,false,false,false,false,false,false,false,false,false,false,false,false,false,false,false,false,false,true,false,false,false,false,false,false,false,false,false,false,false,false,false,false,false,false,false,false,false,false,false,false,false,false,false,false,false,false,true,false,false,false,false,false,false,false,false,false,false,false,false,false,false,false,false,false,false,false,false,false,false],"height":1.3326144354000302},{"image_id":"5fdff4b578f24ff98a213299f3d91576","pose":[-0.00949135,0.00487759,-0.999944,12.0956,0.999956,0.000641101,-0.00948865,-4.40841,0.00059452,-0.999989,-0.00488441,5.03424,0,0,0,1],"included":true,"visible":[false,false,true,true,false,false,false,true,false,false,false,false,false,false,false,false,false,true,true,true,false,true,true,false,false,false,true,false,false,false,false,true,false,false,false,false,true,false,false,false,true,false,false,false,false,true,false,false,false,false,false,false,false,false,true,false,false,false,false,false,true,true,false,true,true,false,false,false,true,false,false],"unobstructed":[false,false,false,false,false,false,false,false,false,false,false,false,false,false,false,false,false,false,false,false,false,false,true,false,false,false,true,false,false,false,false,true,false,false,false,false,false,false,false,false,false,false,false,false,false,false,false,false,false,false,false,false,false,false,false,false,false,false,false,false,true,false,false,false,false,false,false,false,false,false,false],"height":1.563399882924057},{"image_id":"88f290e95cfa4348a09ffc1a3661055e","pose":[-0.832532,0.00546993,-0.553951,13.12,0.553948,0.0187466,-0.832341,-6.25799,0.00583157,-0.99981,-0.0186381,1.53838,0,0,0,1],"included":true,"visible":[true,false,false,false,true,false,false,false,false,false,true,true,false,true,false,false,true,true,false,true,true,false,false,false,false,true,false,false,false,true,false,false,true,false,false,false,false,true,true,false,false,false,false,true,true,false,false,true,true,true,true,true,false,true,false,false,false,true,false,false,false,false,false,false,false,false,false,false,false,true,true],"unobstructed":[false,false,false,false,false,false,false,false,false,true,true,false,false,true,false,false,false,false,false,false,true,false,false,false,false,true,false,false,false,false,true,false,true,false,false,false,false,true,false,false,false,false,false,false,false,false,false,false,false,false,false,true,false,false,false,false,false,true,false,false,false,false,false,false,false,false,false,false,false,true,true],"height":1.5597217322252848},{"image_id":"9d691cb5fdfc46d995836e1ea82465d7","pose":[-0.0190618,-0.0212608,0.999593,4.31417,-0.999818,0.00226975,-0.0190175,-4.31778,-0.00186476,-0.999772,-0.0213011,5.02658,0,0,0,1],"included":true,"visible":[false,false,true,true,false,true,false,false,false,false,false,false,false,true,false,true,false,false,true,true,false,false,false,false,false,true,true,false,false,false,true,false,false,false,false,false,true,false,false,false,true,false,false,false,false,true,false,false,false,false,false,false,false,false,true,false,false,false,false,false,true,false,false,true,true,false,false,false,true,false,false],"unobstructed":[false,false,true,false,false,false,false,false,false,false,false,false,false,false,false,true,false,false,true,false,false,false,false,false,false,false,false,false,false,false,false,false,false,false,false,false,false,false,false,false,true,false,false,false,false,false,false,false,false,false,false,false,false,false,false,false,false,false,false,false,false,false,false,false,true,false,false,false,false,false,false],"height":1.567380662074763},{"image_id":"87b17b69a95345c99db402e0dc40e4ce","pose":[-0.00308925,0.00249078,-0.999993,0.0908329,0.999956,0.00898815,-0.00306705,-0.0993167,0.00898018,-0.999957,-0.00251939,1.51429,0,0,0,1],"included":true,"visible":[false,false,false,false,true,false,false,false,false,false,false,true,false,false,false,false,true,false,false,false,false,false,false,true,false,false,false,false,false,false,false,false,false,false,false,false,false,false,false,true,false,false,false,false,false,false,false,true,true,true,false,false,false,false,false,false,false,false,false,false,false,false,false,false,false,false,false,false,false,false,false],"unobstructed":[false,false,false,false,false,false,false,false,false,false,false,false,false,false,false,false,false,false,false,false,false,false,false,true,false,false,false,false,false,false,false,false,false,false,false,false,false,false,false,true,false,false,false,false,false,false,false,false,false,false,false,false,false,false,false,false,false,false,false,false,false,false,false,false,false,false,false,false,false,false,false],"height":1.5525518340957394},{"image_id":"80d5607f9e4c4b2f9da7930754258cfa","pose":[-0.168718,0.00135805,-0.985664,13.8769,0.984708,0.0442946,-0.168493,-4.74194,0.0434305,-0.999018,-0.00881154,1.50588,0,0,0,1],"included":true,"visible":[true,false,false,false,true,false,true,false,false,false,true,true,false,true,false,false,true,true,false,true,true,false,false,false,false,true,false,false,false,false,false,false,true,true,false,false,false,true,true,false,false,false,false,false,true,false,false,false,true,true,true,true,false,true,false,false,true,true,true,false,false,false,false,false,false,false,false,true,false,true,true],"unobstructed":[false,false,false,false,false,false,true,false,false,false,false,false,false,false,false,false,false,false,false,false,true,false,false,false,false,false,false,false,false,false,false,false,true,false,false,false,false,true,false,false,false,false,false,false,false,false,false,false,false,false,true,true,false,false,false,false,false,true,true,false,false,false,false,false,false,false,false,false,false,true,true],"height":1.5324677051877649},{"image_id":"cbcae92ea4b34638a877dda9b4bd7be6","pose":[-0.0478413,0.0040993,-0.998847,8.88611,0.997502,0.0522415,-0.0475627,-4.06309,0.051986,-0.998627,-0.00658932,1.50558,0,0,0,1],"included":true,"visible":[true,false,false,false,true,false,true,false,false,true,false,true,false,true,false,false,true,false,false,true,true,false,false,false,false,true,false,false,false,true,true,false,true,false,false,true,false,true,true,false,false,false,false,true,true,false,false,true,true,true,false,true,false,true,false,false,true,true,false,false,false,false,false,false,false,false,false,false,false,true,true],"unobstructed":[true,false,false,false,false,false,true,false,false,false,false,false,false,false,false,false,false,false,false,false,true,false,false,false,false,false,false,false,false,false,false,false,false,false,false,false,false,false,false,false,false,false,false,true,true,false,false,true,false,false,false,false,false,false,false,false,false,true,false,false,false,false,false,false,false,false,false,false,false,false,false],"height":1.5262891233856966},{"image_id":"cfb1d3bfd87d4e87a115ad9553e7a0df","pose":[0.0587386,0.00171526,-0.998272,0.740915,0.998266,0.00401951,0.0587447,-3.88643,0.00411306,-0.999991,-0.00147714,1.51653,0,0,0,1],"included":true,"visible":[true,false,false,false,true,false,true,false,true,true,true,false,false,false,false,false,true,true,false,false,true,false,false,true,false,false,false,false,false,false,false,false,true,false,false,true,false,false,true,true,false,false,false,false,true,false,false,true,true,true,false,true,false,true,false,false,false,false,false,false,false,false,false,false,false,false,false,false,false,false,true],"unobstructed":[true,false,false,false,false,false,false,false,false,false,false,false,false,false,false,false,true,false,false,false,false,false,false,false,false,false,false,false,false,false,false,false,false,false,false,false,false,false,false,true,false,false,false,false,false,false,false,false,true,true,false,false,false,true,false,false,false,false,false,false,false,false,false,false,false,false,false,false,false,false,false],"height":1.545062467737885},{"image_id":"cb0762e9b6af4891b7be36942549586f","pose":[-0.989901,-0.00887659,0.141493,6.61343,-0.141617,0.0153723,-0.989803,-3.4216,0.00661074,-0.999843,-0.016475,5.02835,0,0,0,1],"included":true,"visible":[false,false,true,false,false,false,false,false,false,false,false,false,false,false,false,false,false,false,true,true,false,false,false,false,true,false,false,true,true,false,false,false,false,false,false,false,false,false,false,false,true,false,false,false,false,true,false,false,false,false,false,false,false,false,false,false,false,false,false,false,false,false,false,false,false,false,false,false,false,false,false],"unobstructed":[false,false,false,false,false,false,false,false,false,false,false,false,false,false,false,false,false,false,true,false,false,false,false,false,false,false,false,true,true,false,false,false,false,false,false,false,false,false,false,false,true,false,false,false,false,true,false,false,false,false,false,false,false,false,false,false,false,false,false,false,false,false,false,false,false,false,false,false,false,false,false],"height":1.5581797346587845},{"image_id":"a8cab750a6ac49f38a432d5fab1f2859","pose":[-0.997755,-0.0161646,-0.0650001,12.6003,0.0647846,0.0135321,-0.997808,-8.20079,0.0170085,-0.999778,-0.0124555,1.61087,0,0,0,1],"included":true,"visible":[true,false,true,false,true,false,true,false,false,false,true,true,false,false,false,false,false,true,false,true,true,false,false,false,false,false,false,false,false,true,true,false,true,false,false,false,false,true,false,true,false,false,false,true,true,false,false,false,false,false,true,true,true,true,false,false,false,true,true,false,false,false,false,false,false,false,false,true,false,true,true],"unobstructed":[false,false,false,false,false,false,true,false,false,false,false,false,false,false,false,false,false,true,false,false,true,false,false,false,false,false,false,false,false,false,true,false,true,false,false,false,false,false,false,false,false,false,false,false,false,false,false,false,false,false,false,true,false,false,false,false,false,true,false,false,false,false,false,false,false,false,false,false,false,false,true],"height":1.6378854064698216},{"image_id":"a384085cd16d4f219eb71221b79a7a60","pose":[-0.95567,-0.00396427,0.294417,13.5554,-0.294419,-0.000071621,-0.955677,-7.39623,0.00380938,-0.999993,-0.00109967,5.03641,0,0,0,1],"included":true,"visible":[false,false,false,false,false,false,false,false,false,false,false,false,false,false,false,false,false,false,false,false,false,false,false,false,false,false,false,false,false,false,false,false,false,false,false,false,false,false,false,false,false,false,false,false,false,false,false,false,false,false,false,false,false,false,false,false,false,false,false,true,false,false,false,false,false,false,false,false,true,false,false],"unobstructed":[false,false,false,false,false,false,false,false,false,false,false,false,false,false,false,false,false,false,false,false,false,false,false,false,false,false,false,false,false,false,false,false,false,false,false,false,false,false,false,false,false,false,false,false,false,false,false,false,false,false,false,false,false,false,false,false,false,false,false,true,false,false,false,false,false,false,false,false,false,false,false],"height":1.5482298559678647},{"image_id":"7000630abdbb44309bcacc7593564300","pose":[-0.33543,-0.0203109,0.941847,0.997612,-0.941873,-0.0130341,-0.33572,-6.01655,0.0190946,-0.999709,-0.0147592,4.97413,0,0,0,1],"included":true,"visible":[false,false,false,true,false,false,false,true,false,false,false,false,false,false,false,false,false,false,false,false,false,false,false,false,false,false,false,false,false,false,false,true,false,false,false,false,true,false,false,false,true,false,false,false,false,false,false,false,false,false,false,false,false,false,false,false,false,false,false,false,false,false,false,false,true,false,false,false,false,false,false],"unobstructed":[false,false,false,true,false,false,false,true,false,false,false,false,false,false,false,false,false,false,false,false,false,false,false,false,false,false,false,false,false,false,false,false,false,false,false,false,true,false,false,false,false,false,false,false,false,false,false,false,false,false,false,false,false,false,false,false,false,false,false,false,false,false,false,false,true,false,false,false,false,false,false],"height":1.5580595657529601},{"image_id":"5278ace992664bbcb69d686a7be2c3b3","pose":[-0.471449,-0.0320814,-0.88131,1.08165,0.880895,0.0304325,-0.472335,-5.6905,0.0419733,-0.999022,0.013912,1.50885,0,0,0,1],"included":true,"visible":[true,false,false,false,true,false,true,false,true,true,true,true,false,true,false,false,false,false,false,false,true,false,false,true,false,false,false,false,false,false,true,false,true,false,false,true,false,true,true,true,false,false,false,false,true,false,false,false,true,true,false,true,false,true,false,false,false,true,false,false,false,false,false,false,false,false,false,false,false,true,true],"unobstructed":[false,false,false,false,false,false,false,false,false,false,false,true,false,false,false,false,false,false,false,false,false,false,false,false,false,false,false,false,false,false,false,false,false,false,false,false,false,false,true,false,false,false,false,false,false,false,false,false,true,true,false,false,false,true,false,false,false,false,false,false,false,false,false,false,false,false,false,false,false,false,false],"height":1.0949424460340147},{"image_id":"0e6ac078acf94f37addd92a848bf1558","pose":[-0.0642512,0.00744254,-0.997907,8.77328,0.995897,0.0643559,-0.063642,-7.94117,0.0637472,-0.9979,-0.0115479,1.50231,0,0,0,1],"included":true,"visible":[true,false,true,false,true,false,true,false,false,true,false,true,false,true,false,false,false,false,false,false,true,false,false,true,false,false,false,false,false,false,false,false,true,false,false,false,false,true,true,true,false,false,false,false,true,false,false,true,true,true,false,true,true,false,false,false,true,true,true,false,false,false,false,false,false,false,false,false,false,true,true],"unobstructed":[false,false,false,false,false,false,false,false,false,false,false,false,false,true,false,false,false,false,false,false,true,false,false,false,false,false,false,false,false,false,false,false,false,false,false,false,false,false,false,false,false,false,false,false,true,false,false,true,false,false,false,false,false,false,false,false,false,true,false,false,false,false,false,false,false,false,false,false,false,false,false],"height":1.5120037391152956},{"image_id":"c396a23da8b240d2a0bfcb1cd909abfc","pose":[0.314145,-0.0139975,0.949273,5.64469,-0.949376,-0.00530721,0.314101,-4.97961,0.000641092,-0.999889,-0.0149571,5.03024,0,0,0,1],"included":true,"visible":[false,false,true,true,false,true,false,true,false,false,false,false,true,true,false,false,false,true,false,true,false,false,false,false,false,true,true,false,true,false,true,true,false,false,false,false,true,false,false,false,true,false,false,false,false,true,false,false,false,false,false,true,true,false,true,false,false,true,false,false,true,false,false,true,true,false,false,false,true,false,false],"unobstructed":[false,false,true,false,false,false,false,true,false,false,false,false,true,false,false,false,false,false,false,false,false,false,false,false,false,false,false,false,false,false,false,false,false,false,false,false,false,false,false,false,true,false,false,false,false,true,false,false,false,false,false,false,false,false,false,false,false,false,false,false,false,false,false,false,false,false,false,false,false,false,false],"height":1.5651855641996857},{"image_id":"fc188c1c407146ce88db33e41d932cae","pose":[0.405902,0.00404967,-0.913908,4.75107,0.913907,0.0030735,0.405915,-8.34341,0.00445245,-0.999988,-0.00245443,3.27877,0,0,0,1],"included":true,"visible":[true,false,true,false,true,true,true,true,false,true,false,false,false,true,false,false,false,true,true,false,true,false,false,false,false,true,true,false,false,false,true,false,true,false,false,false,false,true,true,false,true,false,false,false,false,true,false,false,true,true,false,true,true,false,false,false,true,false,true,false,false,false,false,false,false,false,false,false,false,true,true],"unobstructed":[false,false,true,false,true,false,false,false,false,false,false,false,false,false,false,false,false,false,false,false,false,false,false,false,false,false,false,false,false,false,false,false,false,false,false,false,false,false,false,false,false,false,false,false,false,false,false,false,false,false,false,false,false,false,false,false,false,false,false,false,false,false,false,false,false,false,false,false,false,false,false],"height":1.5267321335743695},{"image_id":"9a1dfb5fc5c148d2b600e7789446089d","pose":[0.243404,0.00352406,-0.969919,11.1079,0.968646,0.0504699,0.243268,-4.05172,0.0498087,-0.99872,0.00887004,1.4998,0,0,0,1],"included":true,"visible":[true,false,false,false,true,false,true,false,false,true,true,true,false,true,false,false,true,false,false,false,false,false,false,false,false,true,false,false,false,true,true,false,true,false,false,true,false,true,true,false,false,false,false,true,true,false,false,true,true,true,false,true,false,true,false,false,true,true,true,false,false,false,false,false,false,false,false,false,false,true,true],"unobstructed":[false,false,false,false,false,false,true,false,false,true,true,false,false,true,false,false,false,true,false,false,false,false,false,false,false,false,false,false,false,false,false,false,false,false,false,false,false,true,false,false,false,false,false,true,false,false,false,false,false,false,false,false,false,false,false,false,false,true,false,false,false,false,false,false,false,false,false,false,false,false,true],"height":1.5274871709804498},{"image_id":"8a3f2a5d30b847b7ae94eb24d5d9c8e5","pose":[-0.999808,0.00000791531,-0.0196726,12.2769,0.0196702,0.0169547,-0.999663,-0.923832,0.000325371,-0.999857,-0.0169526,5.04185,0,0,0,1],"included":true,"visible":[false,false,false,false,false,true,false,false,false,false,false,false,false,false,false,false,false,false,false,false,false,false,true,false,false,false,false,false,false,false,false,false,false,false,true,false,false,false,false,false,false,false,false,false,false,false,false,false,false,false,false,false,false,false,false,false,false,false,false,false,false,true,false,false,false,false,false,false,false,false,false],"unobstructed":[false,false,false,false,false,false,false,false,false,false,false,false,false,false,false,false,false,false,false,false,false,false,true,false,false,false,false,false,false,false,false,false,false,false,true,false,false,false,false,false,false,false,false,false,false,false,false,false,false,false,false,false,false,false,false,false,false,false,false,false,false,true,false,false,false,false,false,false,false,false,false],"height":1.5597275379519262},{"image_id":"0608309a14594ef9ac53c26b9e03a1ae","pose":[-0.993271,-0.00401388,-0.115755,12.1941,0.11573,0.00604754,-0.993263,-3.28693,0.00468661,-0.999974,-0.00554327,5.03752,0,0,0,1],"included":true,"visible":[false,false,false,false,false,true,false,false,false,false,false,false,false,false,false,false,false,false,false,false,false,true,false,false,false,false,false,false,false,false,false,false,false,true,true,false,false,false,false,false,false,false,false,false,false,false,false,false,false,false,false,false,false,false,true,false,false,false,false,false,true,true,false,true,false,false,false,false,true,false,false],"unobstructed":[false,false,false,false,false,true,false,false,false,false,false,false,false,false,false,false,false,false,false,false,false,true,false,false,false,false,false,false,false,false,false,false,false,false,true,false,false,false,false,false,false,false,false,false,false,false,false,false,false,false,false,false,false,false,true,false,false,false,false,false,true,true,false,false,false,false,false,false,false,false,false],"height":1.5597393586411292},{"image_id":"36c44dae3ab4415788edc1803558aec0","pose":[-0.155875,0.0275393,-0.987393,-0.895294,0.986986,-0.0356755,-0.156806,0.496956,-0.0395443,-0.998985,-0.0216209,1.50098,0,0,0,1],"included":true,"visible":[false,false,false,false,true,false,false,false,true,false,false,true,false,false,false,false,true,true,false,false,false,false,false,false,false,false,false,false,false,false,false,false,false,false,false,false,false,false,false,true,false,false,false,false,false,false,false,true,true,true,false,false,false,false,false,false,false,false,false,false,false,false,false,false,false,false,false,false,false,false,false],"unobstructed":[false,false,false,false,false,false,false,false,true,false,false,false,false,false,false,false,false,false,false,false,false,false,false,false,false,false,false,false,false,false,false,false,false,false,false,false,false,false,false,true,false,false,false,false,false,false,false,false,false,false,false,false,false,false,false,false,false,false,false,false,false,false,false,false,false,false,false,false,false,false,false],"height":1.5518382966166768},{"image_id":"41fbb6cadff540b48fcb2021bcca9364","pose":[-0.97823,-0.0104716,0.207263,6.49156,-0.207406,0.0151187,-0.978139,-0.266035,0.00710881,-0.999831,-0.0169624,5.0358,0,0,0,1],"included":true,"visible":[false,false,false,false,false,false,false,false,false,false,false,false,true,false,false,false,false,false,false,false,false,false,false,false,false,false,false,true,true,false,false,false,false,false,false,false,false,false,false,false,true,false,false,false,false,false,true,false,false,false,false,false,false,false,false,false,false,false,false,false,false,false,true,false,false,false,false,false,false,false,false],"unobstructed":[false,false,false,false,false,false,false,false,false,false,false,false,false,false,false,false,false,false,false,false,false,false,false,false,false,false,false,true,true,false,false,false,false,false,false,false,false,false,false,false,false,false,false,false,false,false,true,false,false,false,false,false,false,false,false,false,false,false,false,false,false,false,true,false,false,false,false,false,false,false,false],"height":1.5633924628587241},{"image_id":"4d495340c0d8412f8665e58ecf3cb59f","pose":[0.784043,0.0304487,-0.61996,17.2899,0.620189,0.00240094,0.78445,-8.32208,0.0253737,-0.999534,-0.0170025,1.67167,0,0,0,1],"included":true,"visible":[true,false,false,false,true,false,false,false,false,true,true,false,false,false,false,false,false,true,false,true,false,false,false,false,false,false,false,false,false,false,true,false,true,false,false,true,false,true,true,false,false,false,false,false,true,false,false,true,false,false,true,true,true,true,false,false,true,true,true,false,false,false,false,false,false,false,false,true,false,false,true],"unobstructed":[false,false,false,false,false,false,true,false,false,false,false,false,false,false,false,false,false,false,false,false,false,false,false,false,false,false,false,false,false,false,false,false,true,false,false,false,false,false,false,false,false,false,false,false,false,false,false,false,false,false,false,true,false,false,false,false,false,false,true,false,false,false,false,false,false,false,false,false,false,false,false],"height":1.6615513116523155},{"image_id":"f15cd6746d1f4b7a804ede38d47cfa03","pose":[0.01448,0.0170807,-0.99975,10.7145,0.999894,0.00173651,0.0145114,-4.42966,0.00198368,-0.999853,-0.0170547,5.03436,0,0,0,1],"included":true,"visible":[false,false,true,true,false,true,false,true,false,false,false,false,false,false,false,false,false,true,true,true,false,false,false,false,false,false,false,false,false,false,false,true,false,false,false,false,true,false,false,false,true,false,false,false,false,true,false,false,false,false,false,false,false,false,true,false,false,false,false,false,true,false,false,true,true,false,false,false,true,false,false],"unobstructed":[false,false,false,false,false,true,false,false,false,false,false,false,false,false,false,false,false,false,false,false,false,false,false,false,false,false,false,false,false,false,false,true,false,false,false,false,false,false,false,false,false,false,false,false,false,true,false,false,false,false,false,false,false,false,false,false,false,false,false,false,false,false,false,false,false,false,false,false,false,false,false],"height":1.5650062994790517},{"image_id":"b7ced3f4cbdb41eeb88825c7c632060e","pose":[-0.964018,0.000602364,-0.265841,4.29036,0.265808,0.0183846,-0.963852,-2.35128,0.00430654,-0.999831,-0.0178841,5.0234,0,0,0,1],"included":true,"visible":[false,false,false,false,false,false,false,false,false,false,false,false,true,false,false,false,false,false,false,false,false,false,false,false,true,false,false,false,true,false,false,false,false,false,false,false,false,false,false,false,false,false,false,false,false,true,true,false,false,false,false,false,false,false,false,false,false,false,false,false,false,false,false,false,false,false,false,false,false,false,false],"unobstructed":[false,false,false,false,false,false,false,false,false,false,false,false,true,false,false,false,false,false,false,false,false,false,false,false,true,false,false,false,true,false,false,false,false,false,false,false,false,false,false,false,false,false,false,false,false,false,true,false,false,false,false,false,false,false,false,false,false,false,false,false,false,false,false,false,false,false,false,false,false,false,false],"height":1.5412802006930013},{"image_id":"6dec3cb690e24470a108893fc88ec52b","pose":[-0.905272,-0.00325416,0.424823,6.85866,-0.424832,0.00293263,-0.905268,-2.22182,0.00169977,-0.999991,-0.00403825,5.03288,0,0,0,1],"included":true,"visible":[false,false,false,false,false,false,false,false,false,false,false,false,true,false,false,false,false,false,true,false,false,false,false,false,true,false,false,true,false,false,false,false,false,false,false,false,false,false,false,false,true,false,false,false,false,false,false,false,false,false,false,false,false,false,false,false,false,false,false,false,false,false,false,false,false,false,false,false,false,false,false],"unobstructed":[false,false,false,false,false,false,false,false,false,false,false,false,true,false,false,false,false,false,false,false,false,false,false,false,true,false,false,true,false,false,false,false,false,false,false,false,false,false,false,false,false,false,false,false,false,false,false,false,false,false,false,false,false,false,false,false,false,false,false,false,false,false,false,false,false,false,false,false,false,false,false],"height":1.561178539977766},{"image_id":"565f7e74c6074380b1e3b535a759661c","pose":[0.115102,-0.0283158,0.99295,6.15825,-0.99235,-0.0482279,0.113657,0.6747,0.0446693,-0.998436,-0.0336513,1.51436,0,0,0,1],"included":true,"visible":[false,true,false,false,false,false,true,false,false,false,true,false,false,true,false,false,false,false,false,false,true,false,false,false,false,false,false,false,false,false,true,false,false,false,false,false,false,false,false,false,false,false,false,false,false,false,false,false,false,false,false,false,false,false,false,false,false,true,false,false,false,false,false,false,false,false,false,false,false,false,false],"unobstructed":[false,true,false,false,false,false,false,false,false,false,false,false,false,false,false,false,false,false,false,false,false,false,false,false,false,false,false,false,false,false,false,false,false,false,false,false,false,false,false,false,false,false,false,true,false,false,false,false,false,false,false,false,false,false,false,false,false,false,false,false,false,false,false,false,false,false,false,false,false,false,false],"height":1.5653657080882537},{"image_id":"cb09a0f41b7746549d36806cf79f77a2","pose":[-0.844365,0.00476544,-0.535748,13.9095,0.535765,0.0116536,-0.844287,-8.49872,0.00221976,-0.999921,-0.012394,1.61454,0,0,0,1],"included":true,"visible":[true,false,true,false,true,false,true,false,false,false,true,false,false,true,false,false,false,true,false,true,true,false,false,false,false,true,false,false,false,true,false,false,true,false,false,true,false,true,true,true,false,false,false,true,false,false,false,false,false,true,true,true,true,true,false,false,false,true,true,false,false,false,false,false,false,false,false,true,false,false,true],"unobstructed":[false,false,false,false,false,false,true,false,false,false,false,false,false,true,false,false,false,false,false,false,false,false,false,false,false,false,false,false,false,false,false,false,true,false,false,false,false,false,false,false,false,false,false,false,false,false,false,false,false,false,false,true,true,false,false,false,false,true,false,false,false,false,false,false,false,false,false,false,false,false,false],"height":1.6419666004326716},{"image_id":"bd2827c564534256b48e64c1b9f4048f","pose":[-0.992976,0.00368696,-0.118272,9.54752,0.118329,0.0256661,-0.992643,-3.50287,-0.000624507,-0.999664,-0.025923,5.03981,0,0,0,1],"included":true,"visible":[false,false,true,false,false,true,false,false,false,false,false,false,false,false,false,true,false,false,true,true,false,false,false,false,false,false,true,false,false,false,false,false,false,false,false,false,false,false,false,false,true,false,false,false,false,true,false,false,false,false,false,false,false,false,false,false,false,false,false,false,false,false,false,false,false,false,false,false,false,false,false],"unobstructed":[false,false,false,false,false,true,false,false,false,false,false,false,false,false,false,false,false,false,false,false,false,false,false,false,false,false,true,false,false,false,false,false,false,false,false,false,false,false,false,false,true,false,false,false,false,true,false,false,false,false,false,false,false,false,false,false,false,false,false,false,false,false,false,false,false,false,false,false,false,false,false],"height":1.5762502934474334},{"image_id":"399b73c997ad4dea8873f298737f2f2c","pose":[0.0626331,0.0255949,-0.997709,15.8439,0.998007,-0.00944578,0.0624091,-4.61009,-0.00782704,-0.999628,-0.0261364,1.52474,0,0,0,1],"included":true,"visible":[true,false,true,false,true,false,false,false,false,true,true,true,false,false,false,false,true,true,false,true,true,false,false,false,false,true,false,false,false,false,true,false,false,true,false,false,false,true,true,false,false,false,false,false,true,false,false,false,true,true,false,true,true,true,false,false,false,true,true,false,false,false,false,false,false,false,false,false,false,false,true],"unobstructed":[false,false,false,false,false,false,true,false,false,true,false,false,false,true,false,false,false,false,false,false,false,false,false,false,false,true,false,false,false,false,true,false,false,false,false,false,false,true,false,false,false,false,false,false,false,false,false,false,false,false,true,true,false,false,false,false,false,false,false,false,false,false,false,false,false,false,false,false,false,false,true],"height":1},{"image_id":"0fa45532f291420e9275811772f05e49","pose":[-0.341164,0.00583946,-0.939986,15.7204,0.940003,0.00422126,-0.341144,-5.53585,0.00197557,-0.999975,-0.0069302,5.03634,0,0,0,1],"included":true,"visible":[false,false,false,false,false,false,true,false,false,true,false,false,false,false,false,false,false,false,false,false,false,false,true,false,false,false,false,false,false,false,false,false,true,false,false,false,false,false,false,false,false,false,true,false,false,false,false,false,false,false,false,true,false,false,true,false,false,true,false,true,true,false,false,true,false,false,false,false,true,false,false],"unobstructed":[false,false,false,false,false,false,false,false,false,false,false,false,false,false,false,false,false,false,false,false,false,false,false,false,false,false,false,false,false,false,false,false,false,false,false,false,false,false,false,false,false,false,true,false,false,false,false,false,false,false,false,false,false,false,true,false,false,false,false,true,true,false,false,true,false,false,false,false,false,false,false],"height":1},{"image_id":"19af47dcc7704297a6d5cbbcfb3ed3af","pose":[-0.0503785,0.0121457,-0.998657,13.5142,0.998632,0.0147437,-0.0501982,-1.8665,0.014114,-0.999818,-0.0128728,5.03535,0,0,0,1],"included":true,"visible":[false,false,false,false,false,false,false,false,false,false,false,false,false,false,false,false,false,false,false,false,false,true,true,false,false,false,false,false,false,false,false,false,false,false,false,false,false,false,false,false,false,false,false,false,false,false,false,false,false,false,false,false,false,false,false,false,false,false,false,false,false,true,false,false,false,false,false,false,false,false,false],"unobstructed":[false,false,false,false,false,false,false,false,false,false,false,false,false,false,false,false,false,false,false,false,false,true,true,false,false,false,false,false,false,false,false,false,false,false,false,false,false,false,false,false,false,false,false,false,false,false,false,false,false,false,false,false,false,false,false,false,false,false,false,false,false,false,false,false,false,false,false,false,false,false,false],"height":1.5617103930917575},{"image_id":"ff013cbd3a924e4fa524cc4d84ac5eb3","pose":[0.97686,0.00353543,0.213856,17.1316,-0.213854,-0.000993837,0.976866,-2.40579,0.00366591,-0.999994,-0.000215733,1.5151,0,0,0,1],"included":true,"visible":[false,false,false,false,true,false,false,false,false,false,true,true,false,false,false,false,true,false,false,false,true,false,false,false,false,false,false,false,false,false,false,false,false,false,false,false,false,true,true,false,false,false,false,false,true,false,false,true,true,true,false,false,false,true,false,false,true,false,false,false,false,false,false,false,false,false,false,true,false,true,true],"unobstructed":[false,false,false,false,false,false,false,false,false,false,false,false,false,false,false,false,false,false,false,false,false,false,false,false,false,false,false,false,false,false,false,false,false,false,false,false,false,false,false,false,false,false,false,false,false,false,false,false,false,false,false,false,false,false,false,true,true,false,false,false,false,false,false,false,false,false,false,true,false,true,false],"height":1},{"image_id":"7b1606930f824359bac6c90077c694e7","pose":[0.143152,-0.00455396,0.989691,2.63731,-0.989603,-0.014809,0.143071,-4.24888,0.0140046,-0.999881,-0.0066275,4.96209,0,0,0,1],"included":true,"visible":[false,false,true,true,false,true,false,true,false,false,false,false,false,false,false,true,false,false,true,false,false,false,false,false,false,true,true,false,false,false,false,false,false,false,false,false,false,false,false,false,true,false,false,false,false,true,false,false,false,false,false,false,false,false,true,false,false,false,false,false,true,false,false,true,true,false,false,false,true,false,false],"unobstructed":[false,false,false,true,false,false,false,false,false,false,false,false,false,false,false,true,false,false,false,false,false,false,false,false,false,false,false,false,false,false,false,false,false,false,false,false,false,false,false,false,false,false,false,false,false,false,false,false,false,false,false,false,false,fals