[{"image_id":"9a671e6915de4eb897f45fee8bf2031d","pose":[0.785872,-0.010899,-0.618291,0.278341,0.618354,0.0242987,0.785524,0.206778,0.00646242,-0.999645,0.0258358,1.79277,0,0,0,1],"included":true,"visible":[false,false,false,false,false,false,false,false,false,false,false,false,true,false,false,false,false,false,false,false,false,false,false,false,false,false,false,true,false,false,false,false,true,false,false,false,false,false,false,false,false,false,false,false,false,false,false,false,false,false,false,false,true,false,false,false,false,false,false,false,false,false,false,false,false,false,false,false,false,false,false,false,false,false,false,false,false,false,false,false,true,false,false,false,false,false,false,false,false,false,false,false,false,false,false,false,false,false],"unobstructed":[false,false,false,false,false,false,false,false,false,false,false,false,false,false,false,false,false,false,false,false,false,false,false,false,false,false,false,false,false,false,false,false,false,false,false,false,false,false,false,false,false,false,false,false,false,false,false,false,false,false,false,false,true,false,false,false,false,false,false,false,false,false,false,false,false,false,false,false,false,false,false,false,false,false,false,false,false,false,false,false,false,false,false,false,false,false,false,false,false,false,false,false,false,false,false,false,false,false],"height":1.4222276303110373},{"image_id":"1968a423a44546ab829a498e305ef2f2","pose":[0.958243,0.0327575,0.284071,27.5494,-0.284498,0.0091015,0.958633,3.69243,0.0288171,-0.999421,0.0180415,0.851563,0,0,0,1],"included":true,"visible":[false,false,false,false,true,false,false,false,false,false,false,false,false,false,false,false,false,false,true,false,true,true,false,true,false,false,false,false,true,false,true,true,false,false,false,false,false,true,false,false,false,true,false,false,false,false,false,true,false,false,false,true,false,true,true,false,false,true,false,true,false,false,false,false,false,false,false,false,false,true,false,false,false,true,false,true,false,false,false,false,false,false,false,false,false,false,false,true,false,false,false,false,true,false,false,true,true,true],"unobstructed":[false,false,false,false,false,false,false,false,false,false,false,false,false,false,false,false,false,false,false,false,true,false,false,false,false,false,false,false,false,false,false,false,false,false,false,false,false,false,false,false,false,false,false,false,false,false,false,false,false,false,false,true,false,false,true,false,false,false,false,true,false,false,false,false,false,false,false,false,false,false,false,false,false,false,false,false,false,false,false,false,false,false,false,false,false,false,false,false,false,false,false,false,false,false,false,false,false,false],"height":1.4862804827476999},{"image_id":"a74656ded04545c2b00ab4328c5ff5d6","pose":[0.661324,0.0642254,0.747345,5.24521,-0.749548,0.0183908,0.661693,-1.15068,0.0287534,-0.997766,0.060303,1.8147,0,0,0,1],"included":true,"visible":[false,false,false,false,false,false,false,false,false,false,false,false,false,false,false,false,false,false,false,false,false,false,false,false,false,false,false,false,false,false,false,false,true,false,false,false,false,false,false,false,false,false,false,false,false,false,false,false,false,false,false,false,false,false,false,false,false,false,false,false,false,false,false,false,false,false,false,false,false,false,false,false,false,false,false,false,false,false,false,false,false,false,false,false,false,false,false,false,false,false,false,false,false,false,false,false,false,false],"unobstructed":[false,false,false,false,false,false,false,false,false,false,false,false,false,false,false,false,false,false,false,false,false,false,false,false,false,false,false,false,false,false,false,false,true,false,false,false,false,false,false,false,false,false,false,false,false,false,false,false,false,false,false,false,false,false,false,false,false,false,false,false,false,false,false,false,false,false,false,false,false,false,false,false,false,false,false,false,false,false,false,false,false,false,false,false,false,false,false,false,false,false,false,false,false,false,false,false,false,false],"height":1.4933574367995424},{"image_id":"85aec38fded44cd7b6b869226400666d","pose":[0.76409,0.00108792,-0.645108,10.7956,0.644952,0.0207363,0.763941,0.457994,0.0142084,-0.999784,0.0151434,1.51206,0,0,0,1],"included":true,"visible":[false,false,false,false,false,false,true,false,false,true,false,false,false,true,false,true,false,false,false,true,false,false,false,false,false,true,false,false,false,false,false,false,false,false,false,false,false,true,false,false,false,false,false,false,false,false,true,true,false,false,false,true,false,false,false,true,false,true,true,false,false,true,false,false,false,false,false,true,false,false,false,false,false,true,false,false,false,false,false,false,false,false,true,false,false,false,true,true,true,false,false,false,false,false,false,false,false,false],"unobstructed":[false,false,false,false,false,false,true,false,false,false,false,false,false,true,false,true,false,false,false,true,false,false,false,false,false,true,false,false,false,false,false,false,false,false,false,false,false,false,false,false,false,false,false,false,false,false,true,false,false,false,false,false,false,false,false,true,false,false,true,false,false,false,false,false,false,false,false,false,false,false,false,false,true,false,false,false,false,false,false,false,false,false,false,false,false,false,false,false,false,false,false,false,false,false,false,false,false,false],"height":1.5124593411245706},{"image_id":"88fbcef337184e368e3f035a181ee763","pose":[0.978261,0.0150212,-0.206829,21.2231,0.206005,0.0440242,0.97756,8.29532,0.0237898,-0.998917,0.0399734,0.849534,0,0,0,1],"included":true,"visible":[false,true,false,false,false,false,false,false,false,false,false,false,false,false,false,false,false,false,true,false,true,true,false,false,false,false,false,false,false,false,true,false,false,false,false,false,true,false,false,false,false,true,true,false,false,false,false,true,false,false,false,true,false,false,true,false,false,true,false,true,false,true,false,false,false,false,false,false,false,true,false,false,false,true,false,false,false,false,false,false,false,true,false,false,false,false,false,false,false,false,false,false,true,false,true,true,true,false],"unobstructed":[false,false,false,false,false,false,false,false,false,false,false,false,false,false,false,false,false,false,false,false,false,false,false,false,false,false,false,false,false,false,false,false,false,false,false,false,false,false,false,false,false,true,false,false,false,false,false,false,false,false,false,false,false,false,false,false,false,false,false,false,false,false,false,false,false,false,false,false,false,false,false,false,false,false,false,false,false,false,false,false,false,false,false,false,false,false,false,false,false,false,false,false,false,false,false,true,true,false],"height":1.4844798554431424},{"image_id":"33da8b14bc224e7e93045cf3e8ba88f1","pose":[0.705297,0.0169165,0.708709,9.38283,-0.708833,0.00202816,0.705373,0.746875,0.0104952,-0.999854,0.0134221,1.82896,0,0,0,1],"included":true,"visible":[false,false,false,false,false,false,false,false,false,false,true,false,false,true,false,false,false,true,false,false,false,false,false,false,false,false,false,false,false,false,false,false,false,false,false,false,false,false,false,true,false,false,false,false,false,false,false,false,false,false,false,false,false,false,false,false,false,false,false,false,false,false,false,false,false,false,true,false,false,false,false,false,false,false,false,false,false,true,true,false,false,false,false,false,false,false,false,false,false,false,true,false,false,false,false,false,false,false],"unobstructed":[false,false,false,false,false,false,false,false,false,false,true,false,false,false,false,false,false,true,false,false,false,false,false,false,false,false,false,false,false,false,false,false,false,false,false,false,false,false,false,false,false,false,false,false,false,false,false,false,false,false,false,false,false,false,false,false,false,false,false,false,false,false,false,false,false,false,false,false,false,false,false,false,false,false,false,false,false,true,false,false,false,false,false,false,false,false,false,false,false,false,false,false,false,false,false,false,false,false],"height":1.5105329727973675},{"image_id":"b187f5139b7c4f56b1c8b396c4ad4abc","pose":[-0.362771,0.0188968,0.931687,10.9215,-0.93153,-0.0346696,-0.362007,1.85899,0.0254606,-0.99922,0.0301807,1.64982,0,0,0,1],"included":false,"visible":[false,true,false,true,false,false,false,false,false,true,true,false,true,true,false,false,true,true,false,true,true,false,true,true,false,true,false,false,false,false,false,false,false,false,false,true,false,false,false,false,false,false,false,false,false,false,true,false,false,false,false,false,false,false,false,true,false,false,true,false,false,false,true,false,false,true,false,true,true,false,false,false,false,false,false,false,true,false,false,false,true,false,true,true,false,false,true,false,false,true,false,false,false,false,false,false,false,false],"unobstructed":[false,false,false,true,false,false,false,false,false,true,false,false,false,true,false,false,false,false,false,true,false,false,false,true,false,false,false,false,false,false,false,false,false,false,false,false,false,false,false,false,false,false,false,false,false,false,false,false,false,false,false,false,false,false,false,false,false,false,true,false,false,false,false,false,false,false,false,false,false,false,false,false,false,false,false,false,false,false,false,false,false,false,false,false,false,false,true,false,false,false,false,false,false,false,false,false,false,false],"height":1.339444076549385},{"image_id":"224bbce98d37406482348841af387f4e","pose":[0.783382,0.0340434,0.620606,5.95348,-0.620844,-0.00432447,0.783921,3.71809,0.0293713,-0.999411,0.0177486,1.76252,0,0,0,1],"included":true,"visible":[false,false,false,false,false,false,false,false,false,false,false,false,false,false,false,false,false,false,false,false,false,false,false,false,false,false,false,false,false,false,false,false,false,false,false,false,false,false,false,false,false,false,false,false,false,false,false,false,false,false,false,false,false,false,false,false,false,false,false,false,false,false,false,false,false,false,false,false,false,false,false,false,false,false,true,false,false,false,false,true,false,false,false,false,false,false,false,false,false,false,false,false,false,false,false,false,false,false],"unobstructed":[false,false,false,false,false,false,false,false,false,false,false,false,false,false,false,false,false,false,false,false,false,false,false,false,false,false,false,false,false,false,false,false,false,false,false,false,false,false,false,false,false,false,false,false,false,false,false,false,false,false,false,false,false,false,false,false,false,false,false,false,false,false,false,false,false,false,false,false,false,false,false,false,false,false,false,false,false,false,false,true,false,false,false,false,false,false,false,false,false,false,false,false,false,false,false,false,false,false],"height":1.50998919758332},{"image_id":"8b7a414f32e54460975d6ffcee6d5c62","pose":[-0.995982,0.0118689,0.0887616,7.51356,-0.0888856,-0.0103486,-0.995988,3.51696,-0.0109025,-0.999876,0.0113627,1.79693,0,0,0,1],"included":true,"visible":[false,false,false,false,false,false,false,false,false,false,false,false,false,false,false,false,false,false,false,false,false,false,false,false,false,false,false,false,false,false,false,false,false,false,false,false,false,false,false,false,false,false,false,false,false,false,false,false,false,false,true,false,false,false,false,false,false,false,false,false,false,false,false,true,false,false,true,false,false,false,true,false,false,false,false,false,false,false,false,false,false,false,false,false,false,false,false,false,false,false,true,false,false,false,false,false,false,false],"unobstructed":[false,false,false,false,false,false,false,false,false,false,false,false,false,false,false,false,false,false,false,false,false,false,false,false,false,false,false,false,false,false,false,false,false,false,false,false,false,false,false,false,false,false,false,false,false,false,false,false,false,false,true,false,false,false,false,false,false,false,false,false,false,false,false,false,false,false,false,false,false,false,false,false,false,false,false,false,false,false,false,false,false,false,false,false,false,false,false,false,false,false,false,false,false,false,false,false,false,false],"height":1.514867918480478},{"image_id":"c2897a3b81da43ffb280b2ee095bec5c","pose":[0.352665,-0.00924004,-0.935704,12.9197,0.935739,0.00812249,0.352598,-0.218315,0.00434239,-0.999924,0.0115115,1.05414,0,0,0,1],"included":false,"visible":[false,false,false,true,false,false,true,false,false,false,false,false,false,true,false,true,false,true,false,true,false,false,false,true,false,false,false,false,true,false,false,true,false,false,false,false,false,true,false,false,false,false,false,false,false,false,true,true,false,false,false,false,false,true,true,true,false,true,true,false,false,true,false,false,false,false,false,true,false,true,false,false,false,true,false,false,false,false,false,false,false,false,false,false,false,false,true,true,true,false,false,false,false,false,false,false,false,true],"unobstructed":[false,false,false,false,false,false,true,false,false,false,false,false,false,false,false,true,false,false,false,true,false,false,false,false,false,false,false,false,false,false,false,false,false,false,false,false,false,false,false,false,false,false,false,false,false,false,false,false,false,false,false,false,false,false,false,false,false,false,true,false,false,true,false,false,false,false,false,true,false,false,false,false,false,false,false,false,false,false,false,false,false,false,false,false,false,false,true,false,true,false,false,false,false,false,false,false,false,false],"height":1.0355040556022521},{"image_id":"92852ee8512a4ca1bbc5ec79b6f9a4d5","pose":[0.469779,-0.00958731,-0.882731,8.58586,0.882776,0.00905414,0.469705,1.89849,0.00348933,-0.999913,0.0127176,1.80364,0,0,0,1],"included":true,"visible":[false,false,false,false,false,true,true,false,false,false,false,false,true,true,false,false,true,true,false,true,false,false,true,false,false,false,false,false,false,false,false,false,false,false,false,true,false,false,false,false,false,false,false,false,false,false,false,false,false,false,false,false,false,false,false,false,false,false,false,false,false,true,true,false,false,true,false,false,true,false,false,false,false,false,false,false,true,false,false,false,true,false,false,true,false,false,true,false,false,true,true,false,false,false,false,false,false,false],"unobstructed":[false,false,false,false,false,true,false,false,false,false,false,false,false,true,false,false,false,true,false,false,false,false,true,false,false,false,false,false,false,false,false,false,false,false,false,false,false,false,false,false,false,false,false,false,false,false,false,false,false,false,false,false,false,false,false,false,false,false,false,false,false,false,false,false,false,false,false,false,false,false,false,false,false,false,false,false,false,false,false,false,false,false,false,false,false,false,false,false,false,false,true,false,false,false,false,false,false,false],"height":1.515549665941071},{"image_id":"e6a0ba22488847889e7278f26d15f5d5","pose":[-0.906936,0.0162543,0.420954,10.3658,-0.421254,-0.042744,-0.905934,5.42181,0.00326809,-0.998953,0.0456139,1.43904,0,0,0,1],"included":true,"visible":[false,false,false,false,false,false,false,false,false,false,false,false,false,false,false,false,false,false,false,false,false,false,false,false,false,false,false,false,false,false,false,false,false,false,false,false,false,false,false,false,false,false,false,false,true,false,false,false,false,false,false,false,false,false,false,false,true,false,false,false,false,false,false,false,false,false,false,false,false,false,false,false,false,false,false,false,false,false,true,false,false,false,false,false,false,false,false,false,false,false,false,false,false,false,false,false,false,false],"unobstructed":[false,false,false,false,false,false,false,false,false,false,false,false,false,false,false,false,false,false,false,false,false,false,false,false,false,false,false,false,false,false,false,false,false,false,false,false,false,false,false,false,false,false,false,false,true,false,false,false,false,false,false,false,false,false,false,false,true,false,false,false,false,false,false,false,false,false,false,false,false,false,false,false,false,false,false,false,false,false,true,false,false,false,false,false,false,false,false,false,false,false,false,false,false,false,false,false,false,false],"height":1.5145765510441447},{"image_id":"d4e359d5addc4f4d94e253fa0b7253d1","pose":[0.122942,-0.0157441,-0.992289,4.36409,0.992403,0.00643741,0.122854,2.06404,0.00445371,-0.999855,0.0164166,1.60427,0,0,0,1],"included":false,"visible":[false,false,false,false,false,false,true,false,false,false,true,false,false,true,false,false,true,true,false,true,false,false,true,false,false,false,false,false,false,false,false,false,false,false,false,true,false,false,false,false,false,false,false,false,false,false,false,false,false,false,false,false,true,false,false,false,false,false,false,false,false,false,true,false,false,true,false,false,true,false,false,false,false,false,false,false,true,false,false,true,true,false,false,true,false,false,true,false,false,true,false,false,false,false,false,false,false,false],"unobstructed":[false,false,false,false,false,false,false,false,false,false,false,false,false,false,false,false,true,false,false,false,false,false,false,false,false,false,false,false,false,false,false,false,false,false,false,false,false,false,false,false,false,false,false,false,false,false,false,false,false,false,false,false,true,false,false,false,false,false,false,false,false,false,false,false,false,false,false,false,false,false,false,false,false,false,false,false,false,false,false,true,true,false,false,false,false,false,false,false,false,false,false,false,false,false,false,false,false,false],"height":1.3497813907731888},{"image_id":"c04bb819872546cb990d58225c0c2a94","pose":[-0.985661,0.00857983,-0.168517,9.36299,0.168225,-0.027642,-0.985361,2.20342,-0.0131122,-0.999581,0.025803,1.80635,0,0,0,1],"included":true,"visible":[false,false,false,true,false,true,true,false,false,true,true,false,true,false,false,true,true,true,false,true,false,false,true,false,false,false,false,false,false,false,false,false,false,false,false,true,false,false,false,true,false,false,false,false,false,false,true,false,false,false,false,false,false,false,false,true,false,false,true,false,false,false,false,false,false,true,true,true,true,false,false,false,false,false,false,false,true,true,true,false,true,false,false,true,false,false,true,false,true,true,true,false,false,false,false,false,false,false],"unobstructed":[false,false,false,true,false,false,true,false,false,false,true,false,false,false,false,false,false,true,false,true,false,false,false,false,false,false,false,false,false,false,false,false,false,false,false,false,false,false,false,false,false,false,false,false,false,false,false,false,false,false,false,false,false,false,false,false,false,false,false,false,false,false,false,false,false,false,false,false,false,false,false,false,false,false,false,false,false,false,false,false,false,false,false,false,false,false,true,false,false,false,true,false,false,false,false,false,false,false],"height":1.5095115369851457},{"image_id":"b5f2642db58d45cd861d4739127c24a6","pose":[0.301128,-0.00841008,-0.953546,12.9502,0.953581,0.000680424,0.301133,7.21874,-0.00188358,-0.999964,0.00822526,1.43872,0,0,0,1],"included":true,"visible":[false,false,false,false,false,false,false,false,false,false,false,false,false,false,false,false,false,false,false,false,false,false,false,false,false,false,false,false,false,false,false,false,false,false,false,false,false,false,false,false,false,false,false,false,false,false,false,false,false,false,false,false,false,false,false,false,false,false,false,false,false,false,false,false,false,false,false,false,false,false,false,false,false,false,false,false,false,false,false,false,false,false,false,false,false,false,false,false,false,false,false,false,false,false,false,false,false,false],"unobstructed":[false,false,false,false,false,false,false,false,false,false,false,false,false,false,false,false,false,false,false,false,false,false,false,false,false,false,false,false,false,false,false,false,false,false,false,false,false,false,false,false,false,false,false,false,false,false,false,false,false,false,false,false,false,false,false,false,true,false,false,false,false,false,false,false,false,false,false,false,false,false,false,false,false,false,false,false,false,false,false,false,false,false,false,false,false,false,false,false,false,false,false,false,false,false,false,false,false,false],"height":1.5147714601546811},{"image_id":"ffbe14a1bab6497abb439dfcc3cfd11e","pose":[-0.929776,-0.015132,-0.367813,12.8848,0.368093,-0.0253926,-0.929442,-0.0850354,0.00472479,-0.999563,0.0291801,1.53151,0,0,0,1],"included":true,"visible":[false,false,false,true,false,false,false,false,false,true,false,false,false,true,false,false,false,true,false,true,false,false,false,true,false,false,true,false,true,false,false,true,false,false,false,false,false,true,false,false,false,false,false,true,false,false,true,true,false,false,false,false,false,true,true,true,false,true,true,true,false,true,false,false,false,false,false,true,false,true,false,false,false,true,false,false,false,false,false,false,false,false,true,false,false,false,false,true,true,false,false,false,false,false,false,false,false,true],"unobstructed":[false,false,false,true,false,false,false,false,false,true,false,false,false,false,false,false,false,true,false,true,false,false,false,true,false,false,false,false,false,false,false,false,false,false,false,false,false,false,false,false,false,false,false,false,false,false,true,false,false,false,false,false,false,false,false,true,false,false,true,false,true,true,false,false,false,false,false,true,false,false,false,false,false,true,false,false,false,false,false,false,false,false,false,false,false,false,false,false,true,false,false,false,false,false,false,false,false,true],"height":1.513840492134096},{"image_id":"49c11a97fc40490894df81b13132e066","pose":[0.159532,-0.0123853,-0.987115,6.21278,0.98715,0.0112618,0.159396,1.795,0.0091427,-0.999859,0.0140234,1.7786,0,0,0,1],"included":true,"visible":[false,false,false,false,false,false,true,false,false,false,true,false,true,true,false,false,false,true,false,true,false,false,true,false,false,false,false,false,false,false,false,false,false,false,false,true,false,false,false,false,false,false,false,false,false,false,false,false,false,false,false,false,false,false,false,false,false,false,false,false,false,false,true,false,false,true,false,false,true,false,false,false,false,false,false,false,true,false,false,false,true,false,false,true,false,false,true,false,false,true,false,false,false,false,false,false,false,false],"unobstructed":[false,false,false,false,false,false,false,false,false,false,false,false,true,false,false,false,false,false,false,false,false,false,false,false,false,false,false,false,false,false,false,false,false,false,false,false,false,false,false,false,false,false,false,false,false,false,false,false,false,false,false,false,false,false,false,false,false,false,false,false,false,false,false,false,false,false,false,false,false,false,false,false,false,false,false,false,false,false,false,false,true,false,false,false,false,false,false,false,false,true,false,false,false,false,false,false,false,false],"height":1.516553937804817},{"image_id":"f53c36c7f710428e8968b95e8d7171c2","pose":[0.949053,0.0251264,0.314109,9.28731,-0.31449,0.0129195,0.949172,1.81443,0.0197913,-0.9996,0.0201639,1.81089,0,0,0,1],"included":true,"visible":[false,false,false,false,false,true,true,false,false,true,true,false,true,true,false,true,true,false,false,true,false,false,true,false,false,false,false,false,false,false,false,false,false,false,false,true,false,false,false,true,false,false,false,false,false,false,false,false,false,false,false,false,false,false,false,false,false,false,false,false,false,false,true,false,false,true,true,false,true,false,false,false,false,false,false,false,true,true,true,false,true,false,false,true,false,false,true,false,true,true,true,false,false,false,false,false,false,false],"unobstructed":[false,false,false,false,false,true,false,false,false,false,true,false,false,true,false,true,false,false,false,true,false,false,false,false,false,false,false,false,false,false,false,false,false,false,false,false,false,false,false,false,false,false,false,false,false,false,false,false,false,false,false,false,false,false,false,false,false,false,false,false,false,false,false,false,false,false,false,false,false,false,false,false,false,false,false,false,false,false,false,false,false,false,false,false,false,false,false,false,false,false,false,false,false,false,false,false,false,false],"height":1.5108653647011585},{"image_id":"536fbbcaf1054b97afd961dd2cf0ff30","pose":[-0.542648,-0.0255529,-0.839571,19.8291,0.839953,-0.0126533,-0.54251,-4.12713,0.00323947,-0.999593,0.0283302,0.866894,0,0,0,1],"included":true,"visible":[false,true,false,false,true,false,false,false,false,false,false,false,false,false,false,false,false,false,false,false,true,true,false,false,false,false,false,false,true,false,false,false,false,false,false,false,true,false,false,false,false,true,true,false,false,false,false,false,false,false,false,true,false,false,true,false,false,false,false,true,false,false,false,false,false,false,false,false,false,false,false,false,false,false,false,false,false,false,false,false,false,true,false,false,false,false,false,false,false,false,false,false,true,false,false,false,true,true],"unobstructed":[false,false,false,false,false,false,false,false,false,false,false,false,false,false,false,false,false,false,false,false,false,true,false,false,false,false,false,false,false,false,false,false,false,false,false,false,false,false,false,false,false,false,true,false,false,false,false,false,false,false,false,false,false,false,false,false,false,false,false,false,false,false,false,false,false,false,false,false,false,false,false,false,false,false,false,false,false,false,false,false,false,false,false,false,false,false,false,false,false,false,false,false,true,false,false,false,false,false],"height":1.506947469017256},{"image_id":"9adb4cea1434445d81f50b9890c88cb2","pose":[-0.484796,0.015754,0.874485,10.8696,-0.874296,-0.0361823,-0.484041,1.78065,0.0240155,-0.999221,0.0313154,1.81543,0,0,0,1],"included":true,"visible":[false,true,false,true,false,false,true,false,false,true,true,false,true,true,false,true,true,true,false,false,false,false,true,true,false,true,false,false,false,false,false,false,false,false,false,true,false,false,false,false,false,false,false,false,false,false,true,false,false,false,false,false,false,false,false,true,false,false,true,false,false,false,true,false,false,true,false,true,true,false,false,false,false,false,false,false,true,false,false,false,true,true,true,true,false,false,true,false,false,true,false,false,false,false,false,false,false,false],"unobstructed":[false,false,false,true,false,false,true,false,false,true,false,false,false,true,false,true,false,true,false,false,false,false,false,false,false,false,false,false,false,false,false,false,false,false,false,false,false,false,false,false,false,false,false,false,false,false,true,false,false,false,false,false,false,false,false,false,false,false,true,false,false,false,false,false,false,false,false,false,false,false,false,false,false,false,false,false,false,false,false,false,false,false,false,false,false,false,true,false,false,false,false,false,false,false,false,false,false,false],"height":1.5041280254692582},{"image_id":"48bc1cf743314baeb582a3f6758d739f","pose":[0.758027,0.029622,0.65155,25.0957,-0.652048,0.0113279,0.758092,-0.775918,0.0150757,-0.999497,0.0279026,0.898814,0,0,0,1],"included":true,"visible":[false,true,false,false,true,false,false,false,false,false,false,false,false,false,false,false,false,false,true,false,false,true,false,false,false,false,false,false,true,false,true,false,false,false,false,false,true,false,false,false,false,true,true,true,false,false,false,false,false,false,false,true,false,false,true,false,false,false,false,true,false,false,false,false,false,false,false,false,false,true,false,false,false,false,false,true,false,false,false,false,false,false,false,false,false,false,false,false,false,false,false,false,true,false,false,true,true,false],"unobstructed":[false,true,false,false,false,false,false,false,false,false,false,false,false,false,false,false,false,false,false,false,false,true,false,false,false,false,false,false,false,false,false,false,false,false,false,false,false,false,false,false,false,false,false,false,false,false,false,false,false,false,false,true,false,false,false,false,false,false,false,false,false,false,false,false,false,false,false,false,false,false,false,false,false,false,false,false,false,false,false,false,false,false,false,false,false,false,false,false,false,false,false,false,true,false,false,false,false,false],"height":1.5240793907586434},{"image_id":"fdd8d01096db4eb98d60bb3940d61d60","pose":[-0.00747281,0.0382623,0.99924,21.4432,-0.999942,-0.00801592,-0.00717132,-3.81637,0.0077356,-0.999235,0.0383207,0.866555,0,0,0,1],"included":true,"visible":[false,true,false,false,true,false,false,false,false,false,false,false,false,false,false,false,false,false,true,false,true,false,false,true,false,false,true,false,true,false,true,true,false,false,false,false,true,true,false,false,false,true,true,false,false,false,false,false,false,false,false,true,false,true,true,false,false,false,false,true,false,false,false,false,false,false,false,false,false,false,false,false,false,false,false,true,false,false,false,false,false,true,false,false,false,false,false,true,false,false,false,false,true,false,false,false,true,true],"unobstructed":[false,false,false,false,false,false,false,false,false,false,false,false,false,false,false,false,false,false,true,false,true,false,false,false,false,false,false,false,false,false,false,false,false,false,false,false,false,false,false,false,false,false,false,false,false,false,false,false,false,false,false,false,false,false,false,false,false,false,false,false,false,false,false,false,false,false,false,false,false,false,false,false,false,false,false,false,false,false,false,false,false,false,false,false,false,false,false,false,false,false,false,false,true,false,false,false,false,false],"height":1.4932040319020465},{"image_id":"066966700e5c4232b29fce9a62ecd7ce","pose":[0.53632,-0.0130722,-0.843913,7.67116,0.844009,0.0118447,0.536198,1.9159,0.00298676,-0.999844,0.0173862,1.79324,0,0,0,1],"included":true,"visible":[false,false,false,false,false,false,true,false,false,false,true,false,true,true,false,false,true,true,false,true,false,false,false,false,false,false,false,false,false,false,false,false,false,false,false,true,false,false,false,false,false,false,false,false,false,false,false,false,false,false,false,false,false,false,false,false,false,false,false,false,false,false,true,false,false,true,false,false,true,false,false,false,false,false,false,false,true,false,false,false,true,false,false,true,false,false,true,false,false,true,false,false,false,false,false,false,false,false],"unobstructed":[false,false,false,false,false,false,false,false,false,false,true,false,false,false,false,false,false,false,false,false,false,false,false,false,false,false,false,false,false,false,false,false,false,false,false,false,false,false,false,false,false,false,false,false,false,false,false,false,false,false,false,false,false,false,false,false,false,false,false,false,false,false,false,false,false,false,false,false,false,false,false,false,false,false,false,false,false,false,false,false,false,false,false,false,false,false,false,false,false,true,false,false,false,false,false,false,false,false],"height":1.5144049252817715},{"image_id":"e98ec3731cd94927a32fa5ef8f309a23","pose":[-0.988398,0.00144871,0.151873,15.3028,-0.151819,-0.0378893,-0.987681,2.37854,0.00432369,-0.99928,0.0376704,1.51261,0,0,0,1],"included":true,"visible":[false,true,false,false,false,false,false,false,false,true,false,false,false,false,false,true,false,false,false,false,true,true,false,false,false,false,true,false,true,false,true,true,false,false,false,false,true,true,true,false,true,false,false,true,false,false,false,false,false,false,false,true,false,true,false,false,false,false,false,true,false,false,false,false,false,false,false,true,false,true,false,false,false,false,false,false,false,false,false,false,false,true,false,false,false,false,false,true,true,false,false,false,true,false,false,false,true,true],"unobstructed":[false,false,false,false,false,false,true,false,false,false,false,false,false,false,false,true,false,false,false,false,false,false,false,false,false,false,true,false,true,false,false,false,false,false,false,false,false,false,false,false,false,false,false,true,false,false,false,false,false,false,false,false,false,false,false,false,false,false,false,false,true,false,false,false,false,false,false,false,false,true,false,false,false,false,false,false,false,false,false,false,false,true,false,false,false,false,false,false,true,false,false,false,false,false,false,false,false,true],"height":1.515800040197827},{"image_id":"3bd23e8f54034b348144cc65465d7513","pose":[0.896212,-0.000886554,-0.443622,14.7398,0.443548,0.0202101,0.896022,-1.80774,0.00817146,-0.999795,0.0185065,1.53841,0,0,0,1],"included":true,"visible":[false,false,false,true,false,false,false,false,false,false,false,false,false,true,false,false,false,false,false,true,false,false,false,false,false,false,true,false,false,false,false,false,false,false,false,false,false,false,true,false,true,false,false,false,false,false,false,true,false,false,false,false,false,false,false,false,false,true,false,false,true,true,false,false,false,false,false,false,false,true,false,false,true,true,false,false,false,false,false,false,false,true,false,false,false,false,false,false,false,false,false,false,false,false,false,false,false,false],"unobstructed":[false,false,false,false,false,false,false,false,false,false,false,false,false,false,false,false,false,false,false,false,false,false,false,false,false,false,false,false,false,false,false,false,false,false,false,false,false,false,false,false,true,false,false,false,false,false,false,true,false,false,false,false,false,false,false,false,false,false,false,false,false,true,false,false,false,false,false,false,false,false,false,false,true,true,false,false,false,false,false,false,false,true,true,false,false,false,false,false,false,false,false,false,false,false,false,false,false,false],"height":1.5131758781166496},{"image_id":"42b2e0af1a7f4df996cf75e5ce2c3d2b","pose":[0.968665,0.000475031,-0.24837,10.3141,0.248214,0.0335375,0.968124,-1.57375,0.00878976,-0.999437,0.0323694,1.52553,0,0,0,1],"included":true,"visible":[false,false,false,true,false,false,true,false,false,false,false,false,false,false,false,false,false,false,false,true,false,false,false,false,false,false,false,false,true,false,false,true,false,false,false,false,false,true,true,false,false,false,false,false,false,false,true,true,false,false,false,false,false,true,false,true,false,true,true,false,false,true,false,false,false,false,false,false,false,false,false,false,false,true,false,false,false,false,false,false,false,false,false,false,false,false,true,true,false,false,false,false,false,false,false,false,false,true],"unobstructed":[false,false,false,true,false,false,false,false,false,false,false,false,false,false,false,false,false,false,false,false,false,false,false,false,false,false,false,false,false,false,false,false,false,false,false,false,false,false,true,false,false,false,false,false,false,false,false,false,false,false,false,false,false,false,false,true,false,false,false,false,false,true,false,false,false,false,false,false,false,false,false,false,false,false,false,false,false,false,false,false,false,false,false,false,false,false,false,false,false,false,false,false,false,false,false,false,false,false],"height":1.5179422236565208},{"image_id":"1c8fadda1f6b4e90ae5b99f6af5d7e4e","pose":[0.506883,0.0343983,0.861328,14.6177,-0.861644,-0.00904345,0.507431,3.6688,0.0252443,-0.999367,0.0250558,1.49843,0,0,0,1],"included":true,"visible":[false,false,false,false,false,false,false,false,false,false,false,false,false,false,false,false,false,false,false,false,false,true,false,true,true,false,false,false,false,false,true,true,false,false,false,false,true,true,false,false,false,false,false,true,false,false,false,false,false,false,false,false,false,true,false,true,false,false,false,false,false,false,false,false,false,false,false,false,false,false,false,false,false,false,false,false,false,false,false,false,false,true,false,false,false,false,false,true,false,false,false,false,true,false,false,false,false,true],"unobstructed":[false,false,false,false,false,false,false,false,false,false,false,false,false,false,false,false,false,false,false,false,false,false,false,true,false,false,false,false,false,false,false,false,false,false,false,false,false,false,false,false,false,false,false,true,false,false,false,false,false,false,false,false,false,false,false,false,false,false,false,false,true,true,false,false,false,false,false,false,false,false,false,false,false,false,false,false,false,false,false,false,false,false,false,false,false,false,false,false,true,false,false,false,false,false,false,false,false,false],"height":1.5055656458391293},{"image_id":"3022d6bfe51a4901ab8de19ce208f75d","pose":[0.908564,0.0250382,0.416994,3.28224,-0.417354,0.0112293,0.908674,0.491963,0.0180692,-0.999623,0.020653,1.79412,0,0,0,1],"included":true,"visible":[false,false,false,false,false,false,false,false,false,false,false,false,false,false,false,false,false,false,false,false,false,false,false,false,false,false,false,false,false,false,false,false,true,true,false,false,false,false,false,false,false,false,false,false,false,false,false,false,false,false,false,false,true,false,false,false,false,false,false,false,false,false,false,false,false,false,false,false,false,false,false,false,false,false,false,false,false,false,false,false,false,false,false,true,false,false,false,false,false,false,false,false,false,false,false,false,false,false],"unobstructed":[false,false,false,false,false,false,false,false,false,false,false,false,false,false,false,false,false,false,false,false,false,false,false,false,false,false,false,false,false,false,false,false,true,true,false,false,false,false,false,false,false,false,false,false,false,false,false,false,false,false,false,false,true,false,false,false,false,false,false,false,false,false,false,false,false,false,false,false,false,false,false,false,false,false,false,false,false,false,false,true,false,false,false,true,false,false,false,false,false,false,false,false,false,false,false,false,false,false],"height":1.5215203416239775},{"image_id":"f8af7c76c9eb43e89eaae8452115707d","pose":[0.997876,0.0207033,-0.0617521,19.138,0.0614984,0.01268,0.998026,3.75275,0.0214456,-0.999705,0.0113805,1.42919,0,0,0,1],"included":true,"visible":[false,false,false,false,true,false,false,false,false,false,false,false,false,false,false,false,false,false,true,false,false,false,false,true,false,true,false,false,false,false,false,false,false,false,false,false,false,false,false,false,false,true,true,false,false,false,false,true,false,false,false,false,false,false,false,false,false,true,false,false,false,true,false,false,false,false,false,false,false,true,fal