[{"image_id":"06bd0a2d004b454b9e93ddcf08344732","pose":[0.286711,-0.0299723,0.957549,0.175625,-0.958014,-0.00604492,0.286662,-0.711703,-0.00280397,-0.999533,-0.0304483,1.442,0,0,0,1],"included":true,"visible":[false,false,true,false,false,true,false,false,false,false,false,false,true,false,false,true,false,false,false,false,false,false,false,false,false,false,true,true,true,false,false,false,false,false,false,false,false,false,false,false,false,false,false,true,true,false,false,false,false,false,false,false,false,false,false,true,false,true,true,false,false,false,false,false,false,false,false,false,false,false,false,false,false,true,false,false,true,false],"unobstructed":[false,false,true,false,false,false,false,false,false,false,false,false,true,false,false,false,false,false,false,false,false,false,false,false,false,false,false,false,false,false,false,false,false,false,false,false,false,false,false,false,false,true,false,false,true,false,false,false,false,false,false,false,false,false,false,true,false,false,false,false,false,true,false,false,false,false,false,false,false,false,false,false,false,false,false,false,false,false],"height":1.4503820143134785},{"image_id":"908969cb96524db88345634daf6ff85f","pose":[-0.314491,0.026251,0.948898,-1.0594,-0.949178,0.00454134,-0.314709,-3.48327,-0.0125711,-0.999646,0.0234874,5.05858,0,0,0,1],"included":true,"visible":[false,false,false,false,false,false,false,false,false,false,false,false,false,false,false,false,false,false,false,true,false,false,false,false,false,false,false,false,false,false,false,false,false,false,false,false,false,false,false,false,false,false,false,false,false,false,true,false,false,false,false,false,false,false,false,false,false,false,false,false,true,false,false,false,false,false,false,false,false,true,false,false,false,false,true,false,false,false],"unobstructed":[false,false,false,false,false,false,false,false,false,false,false,false,false,false,false,false,false,false,false,true,false,false,false,false,false,false,false,false,false,false,false,false,false,false,false,false,false,false,false,false,false,false,false,false,false,false,true,false,false,false,false,false,false,false,false,false,false,false,false,false,false,false,false,false,false,false,false,false,false,false,false,false,false,false,true,false,false,false],"height":1.454676765677441},{"image_id":"01cada103ecb4ad3864861c13baee57d","pose":[0.996726,0.00985603,0.0802683,3.28388,-0.0801538,-0.0115528,0.996716,-2.92378,0.0107506,-0.999885,-0.0107262,1.45437,0,0,0,1],"included":true,"visible":[true,false,false,false,false,true,false,false,false,false,false,false,false,false,false,false,false,false,false,false,false,false,false,false,false,false,true,false,true,false,false,false,false,false,false,false,false,false,false,false,false,true,false,true,true,true,false,false,false,true,false,false,false,false,false,true,false,false,false,false,false,true,false,false,false,false,false,true,false,false,false,false,false,true,false,false,true,false],"unobstructed":[true,false,false,false,false,false,false,false,false,false,false,false,false,false,false,false,false,false,false,false,false,false,false,false,false,false,true,false,true,false,false,false,false,false,false,false,false,false,false,false,false,false,false,true,true,true,false,false,false,false,false,false,false,false,false,false,false,false,false,false,false,false,false,false,false,false,false,false,false,false,false,false,false,false,false,false,false,false],"height":1.4464980085535575},{"image_id":"4cf8f122a0e843358e1203e6314c2975","pose":[0.603149,0.00758994,0.797594,-0.741483,-0.797065,-0.0318953,0.603052,-7.33954,0.0300163,-0.999463,-0.0131892,-1.05611,0,0,0,1],"included":true,"visible":[false,false,false,false,false,false,false,false,false,false,false,false,false,false,false,false,false,false,true,false,false,false,true,false,true,false,false,false,false,true,false,false,false,false,false,true,false,true,false,false,false,false,false,false,false,false,false,false,false,false,true,false,false,false,false,false,false,false,false,false,false,false,false,true,false,false,false,false,false,false,false,false,false,false,false,false,false,false],"unobstructed":[false,false,false,false,false,false,false,false,false,false,false,false,false,false,false,false,false,false,false,false,false,false,true,false,true,false,false,false,false,true,false,false,false,false,false,true,false,false,false,false,false,false,false,false,false,false,false,false,false,false,true,false,false,false,false,false,false,false,false,false,false,false,false,true,false,false,false,false,false,false,false,false,false,false,false,false,false,false],"height":1.440672258896915},{"image_id":"5c24acbd5ece43b88e435ee56ab80990","pose":[-0.83251,-0.0300039,0.5532,9.92957,-0.553116,-0.0117769,-0.833022,-3.67218,0.0315086,-0.999481,-0.0067925,5.05065,0,0,0,1],"included":true,"visible":[false,false,false,false,false,false,false,true,false,false,false,true,false,true,true,false,false,true,false,true,false,false,false,false,false,true,false,false,false,false,false,false,false,false,false,false,false,false,false,false,false,false,false,false,false,false,false,false,true,false,false,false,false,false,false,false,false,false,false,false,false,false,true,false,true,false,false,false,false,false,false,false,false,false,false,false,false,false],"unobstructed":[false,false,false,false,false,false,false,true,false,false,false,false,false,false,false,false,false,true,false,false,false,false,false,false,false,false,false,false,false,false,false,false,false,false,false,false,false,false,false,false,false,false,false,false,false,false,false,false,true,false,false,false,false,false,false,false,false,false,false,false,false,false,false,false,false,false,false,false,false,false,false,false,false,false,false,false,false,false],"height":1.4410591964992499},{"image_id":"494af1a5feda48c2ade6c1029ce43a72","pose":[-0.996182,-0.00852856,-0.0869016,7.79904,0.0864979,0.039821,-0.995456,-0.880802,0.01195,-0.999171,-0.0389325,1.45389,0,0,0,1],"included":true,"visible":[true,false,true,false,false,false,false,false,false,false,false,false,true,false,false,true,false,false,false,false,false,true,false,false,false,false,true,false,true,false,false,false,false,false,false,false,true,false,false,false,false,false,false,true,true,false,false,true,false,false,false,true,false,true,false,true,false,false,false,false,false,false,false,false,false,false,false,false,false,false,false,false,false,true,false,false,true,false],"unobstructed":[false,false,false,false,false,false,false,false,false,false,false,false,false,false,false,false,false,false,false,false,false,false,false,false,false,false,true,false,false,false,false,false,false,false,false,false,false,false,false,false,false,false,false,false,false,false,false,true,false,false,false,false,false,false,false,false,false,false,false,false,false,false,false,false,false,false,false,false,false,false,false,false,false,true,false,false,true,false],"height":1.4479121514933508},{"image_id":"abe46843638d472c98a8e90a64c4ea6d","pose":[-0.524198,0.0149543,-0.851465,11.2069,0.851515,0.0231564,-0.523821,0.559823,0.0118831,-0.999621,-0.0248736,1.46436,0,0,0,1],"included":true,"visible":[false,false,true,false,false,false,false,false,false,false,false,false,false,false,false,false,false,false,false,false,false,false,false,false,false,false,false,false,true,false,false,false,true,false,false,false,false,false,false,false,true,false,false,true,true,false,false,true,false,false,false,false,false,false,false,false,false,false,false,false,false,false,false,false,false,false,false,false,false,false,false,false,false,false,false,false,false,false],"unobstructed":[false,false,false,false,false,false,false,false,false,false,false,false,false,false,false,false,false,false,false,false,false,false,false,false,false,false,false,false,false,false,false,false,true,false,false,false,false,false,false,false,false,false,false,false,false,false,false,true,false,false,false,false,false,false,false,false,false,false,false,false,false,false,false,false,false,false,false,false,false,false,false,false,false,false,false,false,false,false],"height":1.4675443075800807},{"image_id":"4f5b6a8caa3f4e8d8d6c2eeb30068b54","pose":[-0.83835,-0.0338452,0.544083,10.006,-0.54451,0.00421658,-0.838745,-5.13762,0.026093,-0.999419,-0.0219653,5.04415,0,0,0,1],"included":true,"visible":[false,false,false,false,true,false,false,false,false,false,false,true,false,true,false,false,false,true,false,false,false,false,false,false,false,true,false,false,false,false,false,false,false,false,false,false,false,false,false,false,false,false,false,false,false,false,false,false,true,false,false,false,true,false,false,false,false,false,false,false,false,false,false,false,false,false,false,false,false,false,false,false,false,false,false,false,false,false],"unobstructed":[false,false,false,false,true,false,false,false,false,false,false,false,false,true,false,false,false,true,false,false,false,false,false,false,false,false,false,false,false,false,false,false,false,false,false,false,false,false,false,false,false,false,false,false,false,false,false,false,false,false,false,false,false,false,false,false,false,false,false,false,false,false,false,false,false,false,false,false,false,false,false,false,false,false,false,false,false,false],"height":1.4317348739482751},{"image_id":"a60475b960cf4e65891374928d0bc5c0","pose":[0.3616,-0.0116379,-0.932262,-1.0733,0.932195,0.0217984,0.361301,-6.67069,0.0161166,-0.999695,0.0187298,5.04235,0,0,0,1],"included":true,"visible":[false,false,false,false,false,false,false,false,false,false,false,false,false,false,false,false,true,false,false,false,false,false,false,false,false,false,false,false,false,false,false,false,false,false,false,false,false,false,true,false,false,false,false,false,false,false,true,false,false,false,false,false,false,false,false,false,false,false,false,false,false,false,false,false,false,false,false,false,false,true,false,false,false,false,false,false,false,false],"unobstructed":[false,false,false,false,false,false,false,false,false,false,false,false,false,false,false,false,true,false,false,false,false,false,false,false,false,false,false,false,false,false,false,false,false,false,false,false,false,false,false,true,false,false,false,false,false,false,true,false,false,false,false,false,false,false,false,false,false,false,false,false,false,false,false,false,false,false,false,false,false,true,false,false,false,false,false,false,false,false],"height":1.4581289586552346},{"image_id":"e6076af6f5214c9c91e81d468e644ca5","pose":[0.105501,0.0304299,-0.993954,10.6793,0.994396,-0.0102454,0.105234,-8.55105,-0.00698153,-0.999485,-0.0313415,1.42741,0,0,0,1],"included":true,"visible":[false,false,false,false,false,true,false,false,false,false,false,false,false,false,false,true,false,false,false,false,true,true,false,true,false,false,false,true,false,false,true,false,false,false,false,false,false,false,false,false,false,false,true,false,false,false,false,true,false,true,false,false,false,true,false,false,false,true,true,false,false,false,false,false,false,true,true,false,true,false,false,false,true,false,false,false,false,false],"unobstructed":[false,false,false,false,false,false,false,false,false,false,false,false,false,false,false,false,false,false,false,false,false,true,false,true,false,false,false,false,false,false,true,false,false,false,false,false,false,false,false,false,false,false,false,false,false,false,false,false,false,false,false,false,false,true,false,false,false,false,false,false,false,false,false,false,false,false,false,false,true,false,false,false,false,false,false,false,false,false],"height":1.4579663607329383},{"image_id":"620d1a6e5ed94719a08a608622d9e7d2","pose":[-0.916315,-0.0205234,0.399934,11.7425,-0.400273,0.0164193,-0.916249,-5.47055,0.0122376,-0.999655,-0.0232615,2.665,0,0,0,1],"included":true,"visible":[false,false,false,false,false,false,false,false,false,false,false,false,false,false,false,false,false,false,false,false,false,false,false,true,false,false,false,false,false,false,true,true,false,false,false,false,false,false,false,false,false,false,false,false,false,false,false,false,false,false,false,false,false,false,true,false,false,false,false,false,false,false,false,false,false,false,false,false,false,false,false,false,false,false,false,false,false,false],"unobstructed":[false,false,false,false,false,false,false,false,false,false,false,false,false,false,false,false,false,false,false,false,false,false,false,false,false,false,false,false,false,false,false,true,false,false,false,false,false,false,false,false,false,false,false,false,false,false,false,false,false,false,false,false,false,false,true,false,false,false,false,false,false,false,false,false,false,false,false,false,false,false,false,false,false,false,false,false,false,false],"height":1.260022729920612},{"image_id":"39f0b7fef1e547fb82a1b93f893df2e9","pose":[-0.810899,-0.0334838,0.584229,9.67817,-0.584348,-0.00714599,-0.811473,-7.93752,0.0313457,-0.999414,-0.0137728,5.04012,0,0,0,1],"included":true,"visible":[false,false,false,false,true,false,false,true,false,false,false,false,false,true,false,false,false,false,false,true,false,false,false,false,false,false,false,false,false,false,false,false,false,false,true,false,false,false,false,false,false,false,false,false,false,false,false,false,true,false,false,false,false,false,false,false,false,false,false,false,false,false,false,false,true,false,false,true,false,false,false,false,false,false,false,false,false,false],"unobstructed":[false,false,false,false,false,false,false,false,false,false,false,false,false,true,false,false,false,false,false,false,false,false,false,false,false,false,false,false,false,false,false,false,false,false,false,false,false,false,false,false,false,false,false,false,false,false,false,false,false,false,false,false,false,false,false,false,false,false,false,false,false,false,false,false,false,false,false,false,false,false,false,false,false,false,false,false,false,false],"height":1.4462772055503628},{"image_id":"faed19f97550433b958958f4df869251","pose":[0.276899,-0.0109995,0.960837,1.65307,-0.960889,0.00175147,0.276934,-1.22041,-0.00472939,-0.999938,-0.0100856,1.4528,0,0,0,1],"included":true,"visible":[true,false,false,false,false,true,false,false,false,false,false,false,false,false,true,false,false,false,false,false,false,false,false,false,false,false,true,false,true,false,false,false,true,false,false,false,false,false,false,false,true,true,false,true,true,false,false,false,false,false,false,false,false,false,false,true,false,false,false,false,false,false,false,false,false,false,false,false,false,false,false,false,false,true,false,false,true,false],"unobstructed":[true,false,false,false,false,false,false,false,false,false,false,false,false,false,false,false,false,false,false,false,false,false,false,false,false,false,false,false,false,false,false,false,false,false,false,false,false,false,false,false,false,false,false,true,true,true,false,false,false,false,false,false,false,false,false,false,false,false,false,false,false,false,false,false,false,false,false,false,false,false,false,false,false,false,false,false,false,false],"height":1.4627468736228733},{"image_id":"297a4e9f03774963b489bc2f19e6ba1a","pose":[-0.849649,-0.0320913,0.526374,9.88953,-0.526702,0.0021196,-0.850048,-6.54126,0.0261631,-0.999483,-0.0187047,5.04274,0,0,0,1],"included":true,"visible":[false,false,false,false,true,false,false,true,false,false,false,true,false,false,false,false,false,false,false,false,false,false,false,false,false,true,false,false,false,false,false,false,false,false,false,false,false,false,false,false,false,false,false,false,false,false,false,false,true,false,false,false,false,false,false,false,false,false,false,false,false,false,false,false,false,false,false,false,false,false,false,false,false,false,false,false,false,false],"unobstructed":[false,false,false,false,false,false,false,true,false,false,false,true,false,false,false,false,false,false,false,false,false,false,false,false,false,false,false,false,false,false,false,false,false,false,false,false,false,false,false,false,false,false,false,false,false,false,false,false,false,false,false,false,false,false,false,false,false,false,false,false,false,false,false,false,false,false,false,false,false,false,false,false,false,false,false,false,false,false],"height":1.4482118887351119},{"image_id":"930cbd6da8f14dfba4d883c55a069f96","pose":[-0.530314,-0.010772,0.847734,1.8436,-0.847538,0.0317187,-0.529787,-5.1523,-0.0211825,-0.999439,-0.0259518,2.86517,0,0,0,1],"included":true,"visible":[true,false,false,false,false,false,false,false,false,false,false,false,true,false,false,true,false,false,false,false,false,false,false,false,false,false,true,false,true,false,false,false,false,false,false,false,false,false,false,false,true,true,false,true,true,false,false,false,false,false,false,false,false,false,false,false,false,false,false,false,false,false,false,false,false,false,false,false,false,false,false,false,false,false,false,false,false,false],"unobstructed":[false,false,false,false,false,false,false,false,false,false,false,false,false,false,false,false,false,false,false,false,false,false,false,false,false,false,false,false,false,false,false,false,false,false,false,false,false,false,false,false,true,true,false,false,false,false,false,false,false,false,false,false,false,false,false,false,false,false,false,false,false,false,false,false,false,false,false,false,false,false,false,false,false,false,false,false,false,false],"height":1.2654008980268736},{"image_id":"7b8148447e3948a59e2a7f7182d79f21","pose":[0.999788,-0.0108327,0.0176011,1.75192,-0.0177398,-0.0128059,0.999761,-9.41853,-0.010605,-0.99986,-0.0129965,1.46059,0,0,0,1],"included":true,"visible":[true,false,false,false,false,true,false,false,false,true,false,false,false,false,true,false,false,false,false,false,true,true,false,false,false,false,false,false,false,false,false,false,false,true,false,false,false,false,false,false,false,false,true,false,false,false,false,true,false,true,false,false,false,true,false,false,false,true,true,false,false,false,false,false,false,true,true,true,false,false,false,true,false,false,false,true,false,false],"unobstructed":[false,false,false,false,false,false,false,false,false,false,false,false,false,false,false,false,false,false,false,false,false,false,false,false,false,false,false,false,false,false,false,false,false,false,false,false,false,false,false,false,false,false,true,false,false,false,false,false,false,true,false,false,false,false,false,false,false,true,true,false,false,false,false,false,false,false,false,true,false,false,false,false,false,false,false,true,false,false],"height":1.4455166230146472},{"image_id":"1bccb9088318447bb8ff07cff1254795","pose":[-0.902151,-0.00083005,-0.431422,-0.466102,0.431399,-0.0123478,-0.902077,-7.6277,-0.00457871,-0.999924,0.0114963,5.04541,0,0,0,1],"included":true,"visible":[false,false,false,false,false,false,false,false,true,false,false,false,false,false,false,false,false,false,false,false,false,false,false,false,false,true,false,false,false,false,false,false,true,false,true,false,false,false,true,true,false,false,false,false,false,false,false,false,false,false,false,false,true,false,false,false,false,false,false,false,false,false,false,false,false,false,false,false,false,true,false,false,false,true,false,false,false,false],"unobstructed":[false,false,false,false,false,false,false,false,true,false,false,false,false,false,false,false,false,false,false,false,false,false,false,false,false,true,false,false,false,false,false,false,false,false,true,false,false,false,true,true,false,false,false,false,false,false,false,false,false,false,false,false,true,false,false,false,false,false,false,false,false,false,false,false,false,false,false,false,false,false,false,false,false,false,false,false,false,false],"height":1.4503285141494606},{"image_id":"d640cb095a274900adb5a993d148bc55","pose":[0.972474,0.00298654,0.232998,11.7063,-0.232926,-0.015656,0.972369,-0.647484,0.00655146,-0.999874,-0.0145306,5.02854,0,0,0,1],"included":true,"visible":[false,false,false,false,true,false,false,true,false,false,false,false,false,false,false,false,true,false,false,false,false,false,false,false,false,false,false,false,false,false,false,false,false,false,false,false,false,false,false,false,false,false,false,false,false,false,false,false,true,false,false,false,false,false,false,false,false,false,false,false,false,false,true,false,false,false,false,false,false,false,false,false,false,false,false,false,false,false],"unobstructed":[false,false,false,false,true,false,false,true,false,false,false,false,false,false,false,false,false,false,false,false,false,false,false,false,false,false,false,false,false,false,false,true,false,false,false,false,false,false,false,false,false,false,false,false,false,false,false,false,true,false,false,false,false,false,false,false,false,false,false,false,false,false,true,false,false,false,false,false,false,false,false,false,false,false,false,false,false,false],"height":1.4551118933976368},{"image_id":"b5f5bbf9454c4167970d75d42a5d7d1b","pose":[0.765256,0.00992578,0.643651,1.54232,-0.643261,-0.0262913,0.765197,-7.15519,0.0245172,-0.999606,-0.0137359,-1.05004,0,0,0,1],"included":true,"visible":[false,false,false,true,false,false,false,false,false,false,false,false,false,false,false,false,false,false,false,false,false,false,true,false,false,false,false,false,false,true,false,false,false,false,false,false,false,true,false,false,false,false,false,false,false,false,false,false,false,false,true,false,false,false,false,false,false,false,false,false,false,false,false,true,false,false,false,false,false,false,false,false,false,false,false,false,false,false],"unobstructed":[false,false,false,false,false,false,false,false,false,false,false,false,false,false,false,false,false,false,false,false,false,false,true,false,false,false,false,false,false,false,false,false,false,false,false,false,false,true,false,false,false,false,false,false,false,false,false,false,false,false,false,false,false,false,false,false,false,false,false,false,false,false,false,true,false,false,false,false,false,false,false,false,false,false,false,false,false,false],"height":1.4552113868399532},{"image_id":"64e28fe52a2d4dbaa29a4c20fa527e6d","pose":[0.995516,0.0040285,-0.0945175,0.299687,0.0943431,0.0317367,0.995034,-2.71903,0.00700779,-0.999489,0.031213,5.0657,0,0,0,1],"included":true,"visible":[false,true,false,false,false,false,false,false,false,true,false,false,false,false,false,false,false,false,false,false,false,false,false,false,false,true,false,false,false,false,false,false,true,false,false,false,false,false,true,true,false,false,false,false,false,false,false,false,false,false,false,false,false,false,false,false,false,false,false,false,true,false,false,false,true,false,false,false,false,false,true,false,false,false,true,false,false,false],"unobstructed":[false,true,false,false,false,false,false,false,false,false,false,false,false,false,false,false,false,false,false,false,false,false,false,false,false,false,false,false,false,false,false,false,false,false,false,false,false,false,false,false,false,false,false,false,false,false,false,false,false,false,false,false,false,false,false,false,false,false,false,false,false,false,false,false,false,false,false,false,false,false,true,false,false,false,true,false,false,false],"height":1.4440579944486038},{"image_id":"a146c3ad31e64d6bae7642fbe3395865","pose":[0.103423,0.00520071,-0.994624,7.7754,0.994635,-0.00324847,0.103407,-8.42789,-0.00269359,-0.999982,-0.00551003,1.45302,0,0,0,1],"included":true,"visible":[false,false,false,false,false,true,false,false,false,true,false,false,false,false,false,true,false,false,false,false,false,true,false,false,false,false,false,true,false,false,false,false,false,false,false,false,false,false,false,false,false,false,true,false,false,false,false,true,false,true,false,true,false,true,false,false,false,true,true,true,false,false,false,false,false,true,true,false,true,false,false,false,false,false,false,false,true,true],"unobstructed":[false,false,false,false,false,false,false,false,false,false,false,false,false,false,false,false,false,false,false,false,false,true,false,false,false,false,false,false,false,false,false,false,false,false,false,false,false,false,false,false,false,false,false,false,false,false,false,false,false,false,false,false,false,true,false,false,false,false,false,false,false,false,false,false,false,true,false,false,true,false,false,false,false,false,false,false,false,false],"height":1.4553951775109943},{"image_id":"3c6a41cf614542aa85cc01082c9c103b","pose":[0.0840592,-0.00482474,-0.99645,9.42811,0.99639,-0.0116221,0.0841099,-8.41287,-0.011987,-0.999921,0.00382911,1.42627,0,0,0,1],"included":true,"visible":[true,false,false,false,false,true,false,false,false,true,false,false,false,false,false,true,false,false,false,false,true,false,false,false,false,false,false,true,false,false,true,false,false,false,false,false,false,false,false,false,false,false,true,false,false,false,false,true,false,true,false,true,false,true,false,false,false,true,true,false,false,false,false,false,false,true,true,false,true,false,false,false,true,false,false,false,true,true],"unobstructed":[false,false,false,false,false,false,false,false,false,true,false,false,false,false,false,false,false,false,false,false,true,false,false,true,false,false,false,false,false,false,true,false,false,false,false,false,false,false,false,false,false,false,false,false,false,false,false,false,false,false,false,true,false,true,false,false,false,false,false,false,false,false,false,false,false,false,false,false,true,false,false,false,false,false,false,false,false,false],"height":1.4553340630022886},{"image_id":"35e547187b984a4abef811277704c1b7","pose":[0.745384,0.00669299,0.666603,0.432534,-0.666216,-0.0280963,0.745231,-7.27878,0.0237165,-0.999583,-0.0164848,-1.04981,0,0,0,1],"included":true,"visible":[false,false,false,true,false,false,false,false,false,false,false,false,false,false,false,false,false,false,true,false,false,false,false,false,true,false,false,false,false,true,false,false,false,false,false,false,false,true,false,false,false,false,false,false,false,false,false,false,false,false,true,false,false,false,false,false,false,false,false,false,false,false,false,true,false,false,false,false,false,false,false,false,false,false,false,false,false,false],"unobstructed":[false,false,false,true,false,false,false,false,false,false,false,false,false,false,false,false,false,false,true,false,false,false,false,false,true,false,false,false,false,false,false,false,false,false,false,false,false,true,false,false,false,false,false,false,false,false,false,false,false,false,false,false,false,false,false,false,false,false,false,false,false,false,false,true,false,false,false,false,false,false,false,false,false,false,false,false,false,false],"height":1.4548184601754164},{"image_id":"ef6ef26f03364dd897ca5f93fbeeeee8","pose":[-0.995759,-0.010464,-0.0914117,11.6037,0.0911951,0.0196098,-0.995641,-7.65372,0.0122106,-0.999753,-0.0185736,1.45724,0,0,0,1],"included":true,"visible":[false,false,false,false,false,false,false,false,false,true,true,false,false,false,false,true,false,false,false,false,true,true,false,false,false,false,false,false,false,false,true,true,false,false,false,false,false,false,false,false,false,false,true,false,false,false,false,false,false,false,false,false,false,false,true,false,false,false,true,false,false,false,false,false,false,true,false,false,false,false,false,false,false,false,false,false,false,false],"unobstructed":[false,false,false,false,false,false,false,false,false,true,false,false,false,false,false,false,false,false,false,false,false,true,false,false,false,false,false,false,false,false,true,false,false,false,false,false,false,false,false,false,false,false,false,false,false,false,false,false,false,false,false,false,false,false,true,false,false,false,false,false,false,false,false,false,false,false,false,false,false,false,false,false,false,false,false,false,false,false],"height":1.4641091162408637},{"image_id":"e68dd1d23bf8489b89955f6ed96a6858","pose":[-0.677992,-0.00881759,0.735017,0.22372,-0.734819,-0.0180317,-0.678025,-4.62014,0.0192318,-0.999799,0.00574477,-1.06952,0,0,0,1],"included":true,"visible":[false,false,false,true,false,false,false,false,false,false,false,false,false,false,false,false,false,false,false,false,false,false,true,false,false,false,false,false,false,true,false,false,false,false,false,true,false,true,false,false,false,false,false,false,false,false,false,false,false,false,true,false,false,false,false,false,false,false,false,false,false,false,false,true,false,false,false,false,false,false,false,false,false,false,false,false,false,false],"unobstructed":[false,false,false,true,false,false,false,false,false,false,false,false,false,false,false,false,false,false,false,false,false,false,true,false,false,false,false,false,false,true,false,false,false,false,false,true,false,true,false,false,false,false,false,false,false,false,false,false,false,false,false,false,false,false,false,false,false,false,false,false,false,false,false,true,false,false,false,false,false,false,false,false,false,false,false,false,false,false],"height":1.4468111185714962},{"image_id":"db5597417c5347f2863be10b9df20cc6","pose":[0.99508,0.0023264,-0.0990578,0.578963,0.0989809,0.0224249,0.994837,-7.19846,0.00453538,-0.999746,0.022083,5.04935,0,0,0,1],"included":true,"visible":[false,false,false,false,false,false,false,false,false,true,false,false,false,false,false,false,true,false,false,true,false,false,false,false,false,false,false,false,false,false,false,false,true,false,true,false,false,false,true,true,true,false,false,false,false,false,false,false,false,false,false,false,true,false,false,false,false,false,false,false,true,false,false,false,true,false,false,false,false,false,true,false,false,true,true,false,true,false],"unobstructed":[false,false,false,false,false,false,false,false,false,false,false,false,false,false,false,false,true,false,false,false,false,false,false,false,false,false,false,false,false,false,false,false,false,false,true,false,false,false,true,false,false,false,false,false,false,false,false,false,false,false,false,false,true,false,false,false,false,false,false,false,false,false,false,false,true,false,false,false,false,false,false,false,false,false,false,false,false,false],"height":1.4415879235496307},{"image_id":"28f3297274c545d68ecef3660694ceb4","pose":[-0.056647,-0.0213612,0.998166,6.30013,-0.998396,0.00118722,-0.0566341,-1.36756,0.000024362,-0.999772,-0.0213954,1.45174,0,0,0,1],"included":true,"visible":[true,false,true,false,false,true,false,false,false,false,false,false,true,false,false,true,false,false,false,false,false,false,false,false,false,false,false,false,true,false,false,false,true,false,false,false,false,false,false,false,false,false,false,true,true,true,false,true,false,false,false,false,false,false,false,true,false,true,true,false,false,false,false,false,false,false,false,true,false,false,false,false,false,true,false,false,true,false],"unobstructed":[false,false,true,false,false,true,false,false,false,false,false,false,false,false,false,false,false,false,false,false,false,false,false,false,false,false,false,false,true,false,false,false,false,false,false,false,false,false,false,false,false,false,false,false,false,false,false,true,false,false,false,false,false,false,false,false,false,false,false,false,false,false,false,false,false,false,false,false,false,false,false,false,false,false,false,false,true,false],"height":1.4533321120816323},{"image_id":"b79e6bc1a3984facab7caf00a0bfc628","pose":[0.93624,0.0167015,-0.350966,0.524987,0.351189,-0.0130125,0.936215,-6.50381,0.0110689,-0.999776,-0.0180495,1.43764,0,0,0,1],"included":true,"visible":[true,false,false,false,false,false,false,false,false,true,false,false,false,false,false,false,false,false,false,false,true,true,false,false,false,false,false,false,false,false,false,false,false,false,false,false,false,false,false,false,false,false,true,false,false,false,false,false,false,false,false,false,false,false,false,false,false,true,true,true,false,false,false,false,false,true,true,true,false,false,false,false,true,false,false,false,true,false],"unobstructed":[false,false,false,false,false,false,false,false,false,false,false,false,false,false,false,false,false,false,false,false,false,false,false,false,false,false,false,false,false,false,false,false,false,false,false,false,false,false,false,false,false,false,false,false,false,false,false,false,false,false,false,false,false,false,false,false,false,true,false,true,false,false,false,false,false,false,true,true,false,false,false,false,true,false,false,false,false,false],"height":1.454674475308375},{"image_id":"d8d0fa6bfcd541889d727767910ea39e","pose":[-0.10148,-0.0253319,0.994516,4.89863,-0.994839,0.00297629,-0.101436,-1.49393,-0.000390757,-0.999675,-0.0255044,1.44836,0,0,0,1],"included":true,"visible":[true,false,true,false,false,true,false,false,false,false,false,false,true,false,true,true,false,false,false,false,false,false,false,false,false,false,true,false,false,false,false,false,true,false,false,false,true,false,false,false,false,true,true,true,true,false,false,false,false,true,false,false,false,false,false,true,false,false,true,false,false,false,false,false,false,true,false,true,false,false,false,false,false,true,false,false,true,true],"unobstructed":[false,false,true,false,false,false,false,false,false,false,false,false,false,false,false,false,false,false,false,false,false,false,false,false,false,false,true,false,false,false,false,false,false,false,false,false,true,false,false,false,false,false,false,true,false,false,false,false,false,false,false,false,false,false,false,false,false,false,false,false,false,false,false,false,false,false,false,false,false,false,false,false,false,false,false,false,false,false],"height":1.4534222771448244},{"image_id":"7464a0fef489436c920374e1ccf721ef","pose":[0.776566,0.0119891,-0.629923,-1.78286,0.629986,-0.00197713,0.776605,-4.67475,0.00806501,-0.999927,-0.00908961,-1.0851,0,0,0,1],"included":true,"visible":[false,false,false,true,false,false,false,false,false,false,false,false,false,false,false,false,false,false,true,false,false,false,true,false,true,false,false,false,false,false,false,false,false,false,false,true,false,true,false,false,false,false,false,false,false,false,false,false,false,false,true,false,false,false,false,false,false,false,false,false,false,false,false,true,false,false,false,false,false,false,false,true,false,false,false,false,false,false],"unobstructed":[false,false,false,true,false,false,false,false,false,false,false,false,false,false,false,false,false,false,false,false,false,false,false,false,true,false,false,false,false,false,false,false,false,false,false,false,false,true,false,false,false,false,false,false,false,false,false,false,false,false,true,false,false,false,false,false,false,false,false,false,false,false,false,true,false,false,false,false,false,false,false,false,false,false,false,false,false,false],"height":1.4404605076084815},{"image_id":"a794acc37c1f4f15a17dc7fb0d640ddc","pose":[-0.999884,-0.00666696,-0.0137426,11.5728,0.0136013,0.020842,-0.999691,-8.03837,0.00695096,-0.999761,-0.0207502,1.44945,0,0,0,1],"included":true,"visible":[false,false,false,false,false,false,false,false,false,true,true,false,false,false,false,true,false,false,false,false,true,true,false,true,false,false,false,false,false,false,false,true,false,false,false,false,false,false,false,false,false,false,true,false,false,false,false,false,false,true,false,false,false,true,true,false,false,true,true,false,false,false,false,false,false,true,true,false,false,false,false,false,false,false,false,false,false,false],"unobstructed":[false,false,false,false,false,false,false,false,false,true,false,false,false,false,false,false,false,false,false,false,false,true,false,true,false,false,false,false,false,false,false,false,false,false,false,false,false,false,false,false,false,false,false,false,false,false,false,false,false,false,false,false,false,true,false,false,false,false,false,false,false,false,false,false,false,false,false,false,false,false,false,false,false,false,false,false,false,false],"height":1.4639890512487261},{"image_id":"be819bf04a6447b1b8301dc73d21d5b5","pose":[-0.95751,-0.0315028,0.286679,11.7432,-0.287024,0.00693833,-0.957899,-4.17676,0.028187,-0.99948,-0.0156868,3.67328,0,0,0,1],"included":true,"visible":[false,false,false,false,false,false,false,false,false,false,true,false,false,false,false,false,false,true,false,false,false,false,false,true,false,false,false,false,false,false,true,false,false,false,false,false,false,false,false,false,false,false,false,false,false,false,false,false,false,false,false,false,false,false,true,false,false,false,false,false,false,false,false,false,false,false,false,false,false,false,false,false,false,false,false,false,false,false],"unobstructed":[false,false,false,false,false,false,false,false,false,false,true,false,false,false,false,false,false,true,false,false,false,false,false,false,false,false,false,false,false,false,false,false,false,false,false,false,false,false,false,false,false,false,false,false,false,false,false,false,false,false,false,false,false,false,false,false,false,false,false,false,false,false,false,false,false,false,false,false,false,false,false,false,false,false,false,false,false,false],"height":1.2765137568236629},{"image_id":"f0f971421b4f472185bc096f2636a763","pose":[-0.262078,0.0199336,-0.964841,11.0631,0.965037,0.0101145,-0.261922,-1.05896,0.00453743,-0.999751,-0.0218887,1.45524,0,0,0,1],"included":true,"visible":[true,false,false,false,false,false,true,false,false,false,false,false,true,false,false,false,false,false,false,false,true,false,false,false,false,false,true,false,true,false,false,false,false,false,false,false,false,false,false,false,false,false,false,true,true,false,false,false,false,false,false,false,false,false,false,true,false,false,false,false,false,false,false,false,false,false,false,false,false,false,false,false,false,true,false,false,true,false],"unobstructed":[false,false,false,false,false,false,true,false,false,false,false,false,false,false,false,false,false,false,false,false,false,false,false,false,false,false,false,false,false,false,false,false,false,false,false,false,false,false,false,false,false,false,false,false,false,false,false,false,false,false,false,false,false,false,false,false,false,false,false,false,false,false,false,false,false,false,false,false,false,false,false,false,false,true,false,false,true,false],"height":1.4572740450555095},{"image_id":"e0eb53beb210453ebfd222873496fc60","pose":[-0.300964,-0.0529511,0.952165,-0.905023,-0.953542,0.00268424,-0.30125,-9.78866,0.0133953,-0.998594,-0.0513002,-0.0988213,0,0,0,1],"included":true,"visible":[false,false,false,true,false,false,false,false,false,false,false,false,false,false,true,true,false,false,false,false,false,false,false,false,false,false,false,false,false,true,false,false,false,false,false,false,false,false,false,false,false,false,false,false,false,false,false,false,false,false,true,false,false,false,false,false,false,false,true,false,false,false,false,false,false,false,false,false,false,false,false,true,false,false,false,true,false,false],"unobstructed":[false,false,false,false,false,false,false,false,false,false,false,false,false,false,false,false,false,false,false,false,false,false,false,false,false,false,false,false,false,false,false,false,false,false,false,false,false,false,false,false,false,false,false,false,false,false,false,false,false,false,false,false,false,false,false,false,false,false,false,false,false,false,false,false,false,false,false,false,false,false,false,true,false,false,false,true,false,false],"height":1.2653345875680597},{"image_id":"ec0a7a6c66244eeea1fba