[{"image_id":"0b02e18654324edd8d74c078b66bfb20","pose":[-0.057695,-0.000357129,0.998334,-2.46692,-0.998304,-0.00769199,-0.0576965,-3.15814,0.00770012,-0.99997,0.0000884733,1.5171,0,0,0,1],"included":true,"visible":[false,true,false,false,false,true,true,true,true,false,true,false],"unobstructed":[false,false,false,false,false,true,false,true,true,false,true,false],"height":1.51470410293751},{"image_id":"1db1c0a09ecf40d188197efc05ced3bb","pose":[-0.442443,0.0138817,0.896688,-4.03893,-0.89679,-0.0101225,-0.442338,-3.05434,0.00293664,-0.999852,0.0169288,0.974424,0,0,0,1],"included":true,"visible":[true,false,false,false,true,true,false,false,true,false,false,true],"unobstructed":[false,false,false,false,false,true,false,false,true,false,false,true],"height":0.9701803380402906},{"image_id":"6178647ca8d14dc09370f6c1b7ed2fd6","pose":[-0.870025,0.0056275,0.492973,-3.69279,-0.493005,-0.0105975,-0.869962,1.95433,0.000328893,-0.999927,0.0119957,1.51516,0,0,0,1],"included":true,"visible":[false,false,false,true,false,false,true,true,false,false,true,false],"unobstructed":[false,false,false,true,false,false,true,true,false,true,true,false],"height":1.517582101716661},{"image_id":"565cc21cd28b4ee6bb5ba83c5270c032","pose":[0.0242634,0.000986587,-0.999704,-3.91782,0.999699,0.00333371,0.024267,0.178675,0.00335701,-0.999993,-0.0009042,1.50868,0,0,0,1],"included":true,"visible":[false,false,true,false,false,false,true,false,false,true,true,false],"unobstructed":[false,false,true,false,false,false,false,false,false,true,true,false],"height":1.5114421933143356},{"image_id":"ef638e508e054c4aabd49b38d1b88fc7","pose":[0.0820523,0.0151057,0.996513,-4.61631,-0.995947,-0.0356725,0.0825462,-2.18899,0.0367954,-0.999249,0.0121187,1.52757,0,0,0,1],"included":true,"visible":[false,true,false,false,false,true,false,false,true,false,false,true],"unobstructed":[false,false,false,false,false,true,false,false,true,false,false,true],"height":1.5162868543024455},{"image_id":"97ed68de989e44fdaf2d9b949898fab6","pose":[0.0900997,0.0149714,0.99582,-3.64126,-0.995713,-0.0195971,0.0903844,-3.16818,0.0208687,-0.999695,0.0131427,1.52081,0,0,0,1],"included":true,"visible":[true,true,false,false,true,false,false,false,true,false,false,true],"unobstructed":[true,true,false,false,true,false,false,false,true,false,false,true],"height":1.5211418713547455},{"image_id":"5fd70cff4992429a99a84fd3c117ccb5","pose":[-0.0539877,-0.000800861,-0.998541,0.0108044,0.998337,0.0201438,-0.0539926,0.00604319,0.020158,-0.999796,-0.000286778,1.51223,0,0,0,1],"included":true,"visible":[true,false,true,true,false,false,false,true,false,true,true,false],"unobstructed":[false,false,true,false,false,false,false,true,false,false,true,false],"height":1.5113248528175798},{"image_id":"86d342c576ff46a9828d2ba377cc8cd5","pose":[0.998173,0.0151118,-0.0584746,-1.78347,0.0584707,0.000718574,0.998288,-1.89835,0.0151283,-0.999885,-0.000165129,1.52238,0,0,0,1],"included":true,"visible":[true,false,true,false,false,false,true,false,false,false,true,false],"unobstructed":[true,false,true,false,false,false,true,false,false,false,true,false],"height":1.5103397372923053},{"image_id":"8dba9ff900b14f9b84ead660f5f7f701","pose":[-0.999855,-0.0144511,0.00887107,-4.11579,-0.00895392,0.00564829,-0.999943,-2.90606,0.0144005,-0.999879,-0.00577567,1.51617,0,0,0,1],"included":true,"visible":[true,true,false,false,true,true,false,false,false,false,false,true],"unobstructed":[true,true,false,false,true,true,false,false,false,false,false,true],"height":1.5112098807574073},{"image_id":"0d8c5fbfd73f44e28d6da370520611e4","pose":[0.0769887,0.00664334,0.997009,-6.15424,-0.997016,-0.00490415,0.0770216,-0.0398163,0.00540151,-0.999965,0.00624716,1.50965,0,0,0,1],"included":true,"visible":[false,false,true,true,false,false,true,false,false,false,true,false],"unobstructed":[false,false,true,true,false,false,false,false,false,false,false,false],"height":1.5058928427471967},{"image_id":"aebb1de49d21485e8bef7633dfb58761","pose":[-0.0229751,-0.0058052,-0.999718,-1.94579,0.999719,0.00553997,-0.0230069,-0.026534,0.00567231,-0.999967,0.0056775,1.50582,0,0,0,1],"included":true,"visible":[true,false,true,true,false,false,true,true,false,true,false,false],"unobstructed":[true,false,true,true,false,false,true,true,false,false,false,false],"height":1.5101720791580233},{"image_id":"e34e51f3d6584ad09c510de5db84752f","pose":[-0.0418368,-0.0124855,0.999046,-3.99281,-0.993607,-0.104406,-0.0429142,-2.13265,0.104842,-0.994456,-0.00803644,0.980264,0,0,0,1],"included":true,"visible":[false,true,false,false,true,true,false,false,true,false,false,false],"unobstructed":[false,true,false,false,true,true,false,false,true,false,false,false],"height":0.969584316081611}]