[{"image_id":"79ce6a1731084601a86baaca1c34ebb8","pose":[0.993772,0.0483212,0.100418,-15.8867,-0.0995044,-0.0209592,0.994817,7.87934,0.0501754,-0.998612,-0.0160207,1.31846,0,0,0,1],"included":true,"visible":[false,false,false,false,false,false,false,false,false,true,false,false,false,true,false,true,true,false,false,false,true,false,false,false,false,false,false,false,false,false,false,false,true,true,false,false,false,false],"unobstructed":[false,false,false,false,false,false,false,false,false,true,false,false,false,false,false,false,false,false,false,false,false,false,false,false,false,false,false,true,false,false,false,false,true,false,false,false,false,false],"height":1.3902827433173794},{"image_id":"a1a40558761440cb9bc60d21652c53d7","pose":[-0.934101,0.0155473,-0.356672,-7.37235,0.356833,0.00908304,-0.934124,29.113,-0.0112835,-0.999838,-0.0140325,1.3079,0,0,0,1],"included":true,"visible":[false,false,true,false,false,false,false,false,false,false,false,false,false,false,false,true,false,true,false,true,false,true,true,false,false,true,true,false,false,false,false,false,false,false,false,true,true,false],"unobstructed":[false,false,true,false,false,false,false,false,false,false,false,false,false,false,false,false,false,true,false,false,false,false,false,false,false,false,true,false,false,false,false,false,false,false,false,false,true,false],"height":1.4043150431982019},{"image_id":"ca71867fa88e459aaea2e2839c0c6236","pose":[-0.670203,-0.0077455,0.742138,-11.9665,-0.742153,0.0151608,-0.670059,28.7612,-0.00606147,-0.999855,-0.0159093,1.27327,0,0,0,1],"included":true,"visible":[false,true,false,false,false,false,false,false,false,false,false,false,false,false,false,false,false,false,false,false,false,false,false,false,false,false,false,false,true,false,false,false,false,false,false,false,true,false],"unobstructed":[false,true,false,false,false,false,false,false,false,false,false,false,false,false,false,false,false,true,false,false,false,false,false,false,false,false,true,false,false,false,false,false,false,false,false,false,false,false],"height":1.4085192673155602},{"image_id":"091fa1e06437452ba18e875dfb326ad8","pose":[-0.950056,-0.0116063,-0.311864,-12.293,0.311061,0.0454699,-0.949302,2.83553,0.0251983,-0.998898,-0.0395889,1.76403,0,0,0,1],"included":true,"visible":[false,false,false,false,true,true,true,false,false,false,false,false,false,true,false,false,true,false,true,false,false,false,false,false,false,false,false,false,false,false,false,false,true,false,true,false,false,false],"unobstructed":[false,false,false,false,true,false,false,false,false,false,false,false,false,true,false,false,false,false,true,false,false,false,false,false,false,false,false,false,false,false,false,false,true,false,true,false,false,false],"height":1.4033713063095776},{"image_id":"150256f18e074ad0ab418a91ecb0b0ea","pose":[-0.931366,-0.0377489,0.362125,-4.80342,-0.362822,0.0133931,-0.931763,1.62841,0.030323,-0.999198,-0.0261702,1.75399,0,0,0,1],"included":true,"visible":[false,false,false,true,false,false,true,false,false,true,false,false,false,false,false,true,true,false,true,false,true,false,true,false,false,false,false,false,false,false,false,false,false,false,true,false,false,false],"unobstructed":[false,false,false,true,false,false,true,false,false,false,false,false,false,false,false,false,false,false,true,false,true,false,false,false,false,false,false,false,false,false,false,false,false,false,true,false,false,false],"height":1.401223634794608},{"image_id":"160a2146cd5145e3a9e5f84ec5d0130d","pose":[-0.0997718,0.0123163,-0.994934,-0.201296,0.994737,0.0246666,-0.0994468,8.58258,0.0233168,-0.99962,-0.0147127,1.33749,0,0,0,1],"included":true,"visible":[false,false,false,true,false,false,true,false,false,false,true,true,false,false,false,false,true,false,false,false,false,false,false,true,false,false,false,false,true,true,true,false,false,true,false,false,false,true],"unobstructed":[false,false,false,false,false,false,false,false,false,false,true,true,false,false,false,false,true,false,false,false,false,false,false,false,false,false,false,false,false,false,false,false,false,true,false,false,false,false],"height":1.3937785136214078},{"image_id":"0d7b301dd8074efb9d62ebec10561324","pose":[0.962413,0.0312195,-0.269791,-0.123568,0.270251,-0.0115504,0.962721,0.131844,0.0269395,-0.999446,-0.0195536,1.69142,0,0,0,1],"included":true,"visible":[false,false,false,true,true,true,false,false,false,true,false,true,false,false,false,false,false,false,false,false,true,false,true,true,false,false,false,false,true,true,true,false,false,true,true,false,false,true],"unobstructed":[false,false,false,false,true,false,false,false,false,false,true,false,false,false,false,false,false,false,false,false,false,false,false,false,false,false,false,false,false,true,false,false,false,false,false,false,false,false],"height":1},{"image_id":"0a2bcff27df64734b83b1617040682e6","pose":[0.00389319,-0.036449,0.999328,-15.8724,-0.999157,0.0407015,0.00537716,-0.740058,-0.0408702,-0.998506,-0.03626,1.63391,0,0,0,1],"included":true,"visible":[false,false,false,false,true,false,false,false,false,false,false,false,false,false,false,false,false,false,true,false,false,false,false,false,false,false,false,false,false,false,false,false,true,false,false,false,false,false],"unobstructed":[false,false,false,false,false,false,false,false,false,false,false,false,false,false,false,false,false,false,false,false,false,false,false,false,false,false,false,false,false,false,false,false,false,false,true,false,false,false],"height":1},{"image_id":"e274815c5ce940b78dcb1313536910e6","pose":[-0.679607,-0.0177168,-0.733362,-4.04165,0.732255,0.0435889,-0.679634,17.3413,0.0440074,-0.998893,-0.0166503,1.43989,0,0,0,1],"included":true,"visible":[false,false,false,false,true,false,false,false,false,false,false,false,false,false,false,false,false,false,false,false,false,false,false,false,false,true,false,false,false,false,false,false,false,false,true,false,false,false],"unobstructed":[false,false,false,false,false,false,false,false,false,false,false,false,false,false,false,false,false,false,false,false,false,false,false,true,false,true,false,false,false,false,false,false,false,false,false,false,false,true],"height":1.413011884507562},{"image_id":"b61534d9ab034ea38c275c7819d8268f","pose":[-0.99389,-0.0158089,0.109237,-15.1428,-0.109836,0.0439943,-0.992976,5.12291,0.010892,-0.998907,-0.0454621,1.74399,0,0,0,1],"included":true,"visible":[true,false,false,false,true,false,true,false,true,false,false,false,false,true,true,true,true,true,false,false,true,false,false,false,true,false,false,true,false,false,false,true,true,true,true,false,false,false],"unobstructed":[true,false,false,false,false,false,false,false,false,false,false,false,false,true,false,false,false,false,false,false,true,false,false,false,false,false,false,false,false,false,false,false,true,false,false,false,false,false],"height":1.4085350349369719},{"image_id":"a4ed72ed956f4544b9f0f37ce94f8ec9","pose":[0.866356,0.00612882,-0.499389,0.733473,0.499406,-0.01965,0.866145,4.94413,-0.0045046,-0.999788,-0.0200849,1.73899,0,0,0,1],"included":true,"visible":[false,false,false,false,false,true,true,false,false,false,false,false,false,false,false,false,false,false,false,false,false,false,false,false,false,false,false,false,true,true,true,false,false,true,false,false,false,false],"unobstructed":[false,false,false,false,false,true,true,false,false,false,false,false,false,false,false,false,false,false,false,false,false,false,false,false,false,false,false,false,false,true,false,false,false,true,false,false,false,false],"height":1.4078554434679935},{"image_id":"1357c8acacc04606a910ffca1ff6b09b","pose":[0.319981,0.00895389,-0.947382,-0.639852,0.947298,0.0132707,0.320078,12.039,0.0154383,-0.999872,-0.00423584,1.3897,0,0,0,1],"included":true,"visible":[false,false,false,false,false,true,true,false,false,true,true,false,false,false,false,false,false,false,true,true,true,false,false,true,false,false,false,false,true,true,true,false,false,true,false,false,false,true],"unobstructed":[false,false,false,false,false,true,false,false,false,false,false,false,false,false,false,false,false,false,false,false,false,false,false,true,false,false,false,false,false,false,false,false,false,false,false,false,false,false],"height":1.4091604099116803},{"image_id":"f9e5a292290d41ad93470485bf44375f","pose":[-0.240646,-0.00914104,0.970571,-11.7642,-0.970484,-0.014047,-0.240757,16.585,0.0158343,-0.99986,-0.00549108,1.41945,0,0,0,1],"included":true,"visible":[false,false,false,true,true,false,false,false,true,false,false,false,false,false,false,false,false,false,false,false,true,false,false,false,true,false,false,true,false,false,false,false,false,false,true,false,false,false],"unobstructed":[false,false,false,false,false,false,false,false,false,false,false,false,false,false,false,false,false,false,false,false,false,false,false,false,true,true,false,false,false,false,false,false,false,false,false,false,false,false],"height":1},{"image_id":"29add2142f6545969361292ccf8e3359","pose":[0.755317,0.0453326,0.65379,-10.5356,-0.654381,-0.00231545,0.756162,7.00107,0.0357925,-0.998969,0.0279157,1.38828,0,0,0,1],"included":true,"visible":[true,false,false,true,false,false,false,false,false,true,false,false,false,false,false,true,true,false,false,false,true,false,false,false,false,false,false,false,false,false,false,false,true,true,true,false,false,false],"unobstructed":[false,false,false,true,false,false,false,false,false,true,false,false,false,false,false,true,false,false,false,false,true,false,true,false,false,false,false,false,false,false,false,false,true,false,false,false,false,false],"height":1.4024355858985407},{"image_id":"3c279a1d200d40c993dc3eec36bad804","pose":[0.235133,0.021029,-0.971736,-13.9824,0.97145,-0.0375825,0.23425,18.822,-0.0315943,-0.999072,-0.0292657,1.41449,0,0,0,1],"included":true,"visible":[false,false,false,false,false,false,false,false,true,false,false,false,false,false,false,false,false,true,false,false,false,false,false,true,true,true,false,true,false,false,false,true,false,false,false,false,false,true],"unobstructed":[false,false,false,false,false,false,false,false,false,false,false,false,false,false,false,false,false,false,false,false,false,false,false,false,true,true,false,false,false,false,false,true,false,false,false,false,false,false],"height":1.4107369234100149},{"image_id":"7e7dbd5ae5a649838d9c0f17b7a45d81","pose":[0.999836,0.0169532,-0.00646082,-7.40236,0.00604938,0.0242028,0.999689,7.07607,0.0171043,-0.999563,0.024096,1.41268,0,0,0,1],"included":true,"visible":[true,true,false,false,true,false,false,false,false,true,false,false,false,true,false,false,true,false,false,true,true,false,true,false,false,true,true,false,false,false,false,false,true,true,true,true,false,false],"unobstructed":[false,false,false,false,false,false,false,false,false,false,false,false,false,true,false,false,true,false,false,false,true,false,true,false,false,false,false,false,false,false,false,false,false,false,false,false,false,false],"height":1.4071053811774488},{"image_id":"be6a1e60cfa24069a20b113c42072099","pose":[0.230383,0.0258382,-0.972757,-4.73537,0.971349,0.0538441,0.231479,7.07067,0.0583581,-0.998215,-0.0126934,1.38506,0,0,0,1],"included":true,"visible":[true,false,false,true,true,true,false,false,false,true,false,false,false,true,false,true,false,false,true,false,true,false,false,false,false,false,false,false,false,false,false,false,true,true,false,false,false,false],"unobstructed":[false,false,false,false,false,true,false,false,false,false,false,false,false,false,false,true,false,false,false,false,true,false,true,false,false,false,false,false,false,false,false,false,false,true,false,false,false,false],"height":1.4056963817640562},{"image_id":"46da46683d13408a8632fbb6335f5892","pose":[0.350156,0.0318139,-0.936151,-13.8507,0.936195,-0.0444366,0.348662,25.0617,-0.0305071,-0.998506,-0.0453439,1.35222,0,0,0,1],"included":true,"visible":[false,true,false,false,false,false,false,false,false,false,false,false,false,false,true,false,false,false,false,false,false,false,false,false,true,false,true,true,false,false,true,true,false,false,false,false,true,false],"unobstructed":[false,true,true,false,false,false,false,false,false,false,false,false,false,false,false,false,false,false,false,false,false,false,false,false,false,false,true,false,false,false,false,true,false,false,false,false,false,false],"height":1.4079496710156416},{"image_id":"b671865ef9af4fe4880ba2f8cfd3df67","pose":[-0.997768,-0.0266962,-0.0612148,-6.91701,0.0601955,0.0374496,-0.997484,0.365618,0.0289214,-0.998942,-0.0357592,1.74582,0,0,0,1],"included":true,"visible":[true,true,false,true,true,false,true,true,false,false,false,false,false,false,false,false,true,false,false,false,false,false,false,false,false,false,true,false,false,false,false,false,true,false,true,true,false,false],"unobstructed":[false,false,false,true,true,false,false,false,false,false,false,false,false,false,false,false,false,false,false,false,true,false,false,false,false,false,false,false,false,false,false,false,false,false,true,false,false,false],"height":1.3945753119912159},{"image_id":"ae3d3e9d092848c3a34eae85e8a3b679","pose":[-0.934639,-0.0508979,0.351937,-7.76407,-0.352483,0.00187621,-0.935817,12.1601,0.0469708,-0.998702,-0.0196944,1.40784,0,0,0,1],"included":true,"visible":[false,true,false,true,true,false,false,false,false,true,true,true,false,false,false,true,false,false,false,false,true,false,true,false,true,true,true,true,false,false,false,false,false,false,true,true,false,false],"unobstructed":[false,false,false,false,false,false,false,false,false,false,false,false,false,false,false,false,false,false,false,false,false,false,true,false,false,true,false,false,false,false,false,false,false,false,false,false,false,false],"height":1.3963862445887731},{"image_id":"f42e5c4df66a4214a37712822e44c62e","pose":[-0.731282,-0.00337465,-0.682067,-5.75287,0.68206,0.0032103,-0.73129,5.00028,0.00465744,-0.999989,-0.0000461256,1.80601,0,0,0,1],"included":true,"visible":[true,true,false,false,true,true,true,false,false,true,false,false,false,true,false,true,true,false,true,true,false,false,true,false,false,true,false,false,false,false,false,false,true,false,false,true,false,false],"unobstructed":[false,false,false,false,true,false,false,false,false,true,false,false,false,true,false,true,true,false,true,false,false,false,true,false,false,false,false,false,false,false,false,false,false,false,false,false,false,false],"height":1.4094287188712118},{"image_id":"26f464339c76477d826c59938bb65843","pose":[-0.448999,-0.0392577,0.89267,-4.05126,-0.893076,-0.0122479,-0.449741,25.5669,0.0285891,-0.999154,-0.029561,1.36269,0,0,0,1],"included":true,"visible":[false,true,true,false,false,false,false,false,false,false,false,false,false,false,false,false,false,false,false,false,false,false,false,false,false,false,false,false,true,false,false,false,false,false,false,false,true,false],"unobstructed":[false,false,false,false,false,false,false,false,false,false,false,false,false,false,false,false,false,false,false,false,false,false,false,false,false,false,true,false,true,false,false,false,false,false,false,false,true,false],"height":1.3934952422544191},{"image_id":"b601b17719c74ac69b46d33b2ab05acf","pose":[0.999114,0.0287026,-0.0307959,-7.57377,0.0317509,-0.0334351,0.998937,8.73634,0.0276424,-0.999029,-0.034317,1.40833,0,0,0,1],"included":true,"visible":[false,true,false,false,true,false,false,false,false,true,true,false,false,true,false,true,true,false,false,true,true,false,false,false,false,true,true,false,false,false,false,false,true,true,true,true,false,false],"unobstructed":[false,false,false,false,false,false,false,false,false,false,false,false,false,true,false,true,true,false,false,true,true,false,false,false,false,false,false,false,false,false,false,false,false,false,false,false,false,false],"height":1.3877871726848245},{"image_id":"e1950052dc8f418698ba52dc4e33956d","pose":[-0.582254,0.000596697,-0.813007,-0.838448,0.812839,0.0207828,-0.582118,15.4107,0.0165492,-0.999784,-0.0125861,1.40636,0,0,0,1],"included":true,"visible":[false,false,false,false,false,false,true,false,true,false,true,true,true,false,false,false,false,false,false,false,false,false,false,false,false,true,false,false,true,true,true,false,false,false,false,false,false,true],"unobstructed":[false,false,false,false,false,false,false,false,true,false,false,true,false,false,false,false,false,false,false,false,false,false,false,false,false,false,false,false,false,false,false,false,false,false,false,false,false,true],"height":1.398847220735901},{"image_id":"57f68914361647fb88d9b92744543490","pose":[-0.695631,0.00540898,-0.718379,-14.1227,0.718294,0.0223427,-0.695381,15.0125,0.0122891,-0.999736,-0.0194277,1.423,0,0,0,1],"included":true,"visible":[false,false,false,false,false,false,false,false,false,false,false,false,false,false,true,false,false,true,false,false,false,false,false,false,false,true,false,true,false,false,false,true,false,false,true,false,false,false],"unobstructed":[false,false,false,false,false,false,false,false,false,false,false,false,true,false,true,false,false,false,false,false,false,false,false,false,false,false,false,true,false,false,false,false,false,false,false,false,false,false],"height":1.413594058501742},{"image_id":"6050ffec61b04526b359ec90952b1b47","pose":[0.931789,0.000248069,-0.363002,-7.48473,0.362994,0.00599605,0.931773,17.4939,0.00240767,-0.999982,0.0054968,1.4315,0,0,0,1],"included":true,"visible":[false,true,false,false,true,false,false,false,true,false,false,false,false,false,false,true,false,false,false,true,false,false,true,false,false,false,true,false,false,false,false,false,false,false,true,true,false,false],"unobstructed":[false,false,false,false,false,false,false,false,true,false,false,false,true,false,true,false,false,false,false,true,false,false,false,false,false,false,false,false,false,false,false,false,false,false,false,true,false,false],"height":1.402361411021803},{"image_id":"79fc3708357e4bcf828f55707b284c11","pose":[0.988292,-0.00770335,-0.152379,-7.15679,0.152253,-0.0148817,0.98823,25.2661,-0.00988039,-0.99986,-0.0135348,1.3802,0,0,0,1],"included":true,"visible":[false,true,false,false,false,false,false,false,false,false,false,false,false,false,false,true,false,true,false,true,false,false,true,false,false,true,false,false,true,false,false,false,false,false,false,true,true,false],"unobstructed":[false,true,true,false,false,false,false,false,false,false,false,false,false,false,false,false,false,true,false,false,false,true,false,false,false,false,false,false,false,false,false,false,false,false,false,true,true,false],"height":1.4013396239817655},{"image_id":"d8db8a24af774c0495b6a87e3531de30","pose":[0.58692,0.0110683,0.80957,-14.304,-0.808724,-0.0396753,0.586849,11.0928,0.0386153,-0.999151,-0.0143352,1.35931,0,0,0,1],"included":true,"visible":[false,false,false,false,false,true,true,false,false,false,false,false,false,false,true,false,false,true,true,true,true,false,false,false,true,false,false,false,false,false,false,true,true,false,true,false,false,false],"unobstructed":[true,false,false,false,false,false,false,false,false,false,false,false,false,false,false,false,false,false,false,false,false,false,false,false,true,false,false,false,false,false,false,false,true,false,false,false,false,false],"height":1.3790493855158414},{"image_id":"4e54273a82684546b1888483b08f0db6","pose":[-0.994218,-0.036231,0.101089,-1.3108,-0.101571,0.011706,-0.99476,25.4273,0.0348577,-0.999275,-0.0153185,1.35732,0,0,0,1],"included":true,"visible":[false,true,true,false,false,false,true,false,false,false,false,true,false,false,false,false,false,true,false,false,false,true,false,true,false,false,false,false,false,false,true,false,false,false,true,false,false,true],"unobstructed":[false,false,false,false,false,false,false,false,false,false,false,false,false,false,false,false,false,false,false,false,false,true,false,false,false,false,false,false,false,false,true,false,false,false,false,false,false,false],"height":1.3967882346891836},{"image_id":"1b450d30967441c09d938af5fa9052dd","pose":[0.0473467,-0.00877598,-0.99884,1.16996,0.996074,0.0753051,0.0465538,2.75739,0.0748091,-0.997122,0.0123068,1.70839,0,0,0,1],"included":true,"visible":[false,false,false,true,false,true,true,false,false,false,true,false,false,false,false,false,false,false,true,false,false,false,false,false,false,false,false,false,false,false,false,false,false,true,true,false,false,false],"unobstructed":[false,false,false,false,false,false,true,false,false,false,true,false,false,false,false,false,false,false,false,false,false,false,false,false,false,false,false,false,false,false,false,false,false,false,false,false,false,false],"height":1.4064572451153223},{"image_id":"bf0814aac5a84992b3e7ff8f9f193c8a","pose":[-0.997207,-0.0264321,0.0698587,-0.936183,-0.0704972,0.0240501,-0.997222,22.3305,0.0246785,-0.999361,-0.0258465,1.39943,0,0,0,1],"included":true,"visible":[false,true,false,false,false,false,true,false,false,false,false,true,false,false,false,false,false,true,false,false,false,false,false,true,false,false,false,false,true,true,false,false,false,false,true,false,true,true],"unobstructed":[false,false,false,false,false,false,false,false,false,false,false,false,false,false,false,false,false,false,false,false,false,false,false,false,false,false,false,false,true,false,false,false,false,false,false,false,false,true],"height":1.3964447531806758},{"image_id":"e4d70b3ba9fd4936a3f5f65e5ed61822","pose":[-0.0570579,0.0374081,-0.99767,-14.0659,0.997896,-0.0286741,-0.0581461,21.9327,-0.0307825,-0.998889,-0.0356935,1.40076,0,0,0,1],"included":true,"visible":[false,true,false,false,true,false,false,false,false,false,false,false,true,false,true,false,false,true,false,false,false,false,false,false,true,false,false,true,false,false,false,false,false,false,false,false,false,false],"unobstructed":[false,false,false,false,false,false,false,false,false,false,false,false,false,false,true,false,false,true,false,false,false,false,false,false,false,false,false,false,false,false,false,false,false,false,false,false,false,false],"height":1.4088448384356875},{"image_id":"9ea3610606ca4be1804cb06a1c262ffb","pose":[0.915311,0.0530526,-0.399239,-12.9816,0.400109,-0.00647328,0.916445,7.48874,0.0460353,-0.998571,-0.0271521,1.35629,0,0,0,1],"included":true,"visible":[true,false,false,true,false,false,false,false,false,true,false,false,false,true,false,true,true,false,true,false,true,false,false,false,false,false,false,true,false,false,false,false,false,true,true,false,false,false],"unobstructed":[true,false,false,true,false,false,false,false,false,true,false,false,false,true,false,false,false,false,false,false,false,false,false,false,false,false,false,true,false,false,false,false,false,false,false,false,false,false],"height":1.3921311513151087},{"image_id":"af4c66fbe7b941509d65177d8635c4f3","pose":[-0.167006,-0.00207748,-0.985954,-1.74824,0.984302,0.0575502,-0.166847,7.06965,0.0570884,-0.998341,-0.00756655,1.36172,0,0,0,1],"included":true,"visible":[true,false,false,false,false,true,false,false,false,true,true,true,false,true,false,true,true,false,false,false,false,false,false,true,false,false,false,false,true,true,true,false,true,false,false,false,false,true],"unobstructed":[false,false,false,false,false,true,false,false,false,false,true,false,false,false,false,false,true,false,false,false,false,false,false,false,false,false,false,false,false,false,false,false,false,false,false,false,false,false],"height":1.4120448914910548},{"image_id":"688cb5ab89de488598b33546f3cec6af","pose":[0.0594512,0.00788963,0.9982,-10.4594,-0.997641,-0.0339247,0.0596861,1.08017,0.0343345,-0.999393,0.00585394,1.75196,0,0,0,1],"included":true,"visible":[false,false,false,true,true,false,true,false,false,true,false,false,false,true,false,true,false,false,true,false,false,false,true,false,false,false,false,true,false,false,false,false,true,false,false,false,false,false],"unobstructed":[false,false,false,true,true,false,false,true,false,false,false,false,false,false,false,false,false,false,true,false,false,false,false,false,false,false,false,false,false,false,false,false,false,false,false,false,false,false],"height":1.4031947603506814},{"image_id":"c386b99172fc4b1bb4899f4fc7df7a1e","pose":[0.984187,-0.00768569,-0.176967,-7.50879,0.176959,-0.00164847,0.984217,21.4945,-0.00785616,-0.999969,-0.000262555,1.42112,0,0,0,1],"included":true,"visible":[false,true,false,false,false,false,false,false,false,false,false,false,true,false,false,true,false,false,false,true,false,false,true,false,false,true,true,false,false,false,false,false,false,false,false,false,false,false],"unobstructed":[false,false,false,false,false,false,false,false,false,false,false,false,false,false,false,false,false,false,false,false,false,false,false,false,false,true,true,false,false,false,false,false,false,false,false,false,false,false],"height":1.3980826935046204},{"image_id":"49ce8273228d4ab9875c49d41b33c949","pose":[-0.524024,0.0374735,-0.850879,-4.12289,0.851487,0.000518584,-0.524376,28.7063,-0.019209,-0.999298,-0.0321801,1.29311,0,0,0,1],"included":true,"visible":[false,true,true,false,false,false,false,false,false,false,false,false,false,false,false,false,false,true,false,false,false,true,false,false,false,false,true,false,false,false,false,false,false,false,false,false,false,false],"unobstructed":[false,true,false,false,false,false,false,false,false,false,false,false,false,false,false,false,false,false,false,false,false,true,false,false,false,false,true,false,false,false,false,false,false,false,false,false,false,false],"height":1.4075095331274756},{"image_id":"2da5287dd25f40b2a458ffd818a5fd2f","pose":[-0.906394,-0.0059149,-0.422393,-0.865523,0.422154,0.0237836,-0.906213,19.1883,0.0154061,-0.9997,-0.0190605,1.40321,0,0,0,1],"included":true,"visible":[false,false,false,false,false,false,true,false,true,false,false,true,false,false,false,false,false,false,true,false,false,false,false,true,false,true,false,false,true,true,true,false,false,false,false,false,false,false],"unobstructed":[false,false,false,false,false,false,false,false,true,false,false,false,false,false,false,false,false,false,false,false,false,false,false,true,false,false,false,false,false,false,true,false,false,false,false,false,false,false],"height":1.399456862849411}]