[{"image_id":"80929af5cf234ae38ac3a2a4e60e4342","pose":[0.983395,0.00450812,-0.181418,-2.79247,0.181442,-0.00570068,0.983385,-1.38801,0.00339928,-0.999973,-0.00642298,1.42676,0,0,0,1],"included":true,"visible":[false,true,true,false,false,true,false,false],"unobstructed":[false,true,false,true,false,true,false,false],"height":1.4191402375960298},{"image_id":"ba27da20782d4e1a825f0a133ad84da9","pose":[-0.7605,-0.0115739,-0.649234,-2.38988,0.648885,0.0237502,-0.760515,-0.0538717,0.0242219,-0.999651,-0.0105509,1.4341,0,0,0,1],"included":true,"visible":[true,false,true,true,false,true,false,true],"unobstructed":[true,false,false,false,false,true,false,true],"height":1.424939020658826},{"image_id":"46cecea0b30e4786b673f5e951bf82d4","pose":[0.593129,0.0137361,-0.80499,0.99933,0.804932,0.010707,0.59327,1.17558,0.0167685,-0.999848,-0.00470498,1.41684,0,0,0,1],"included":true,"visible":[false,false,false,true,true,false,true,true],"unobstructed":[false,false,false,true,true,false,true,true],"height":1.4252108727703763},{"image_id":"bda7a9e6d1d94b3aa8ff491beb158f3a","pose":[-0.378592,-0.0208239,0.925329,-0.182918,-0.925433,-0.00820128,-0.37882,-1.72967,0.0154776,-0.999749,-0.0161651,1.42205,0,0,0,1],"included":true,"visible":[true,false,true,false,true,false,true,true],"unobstructed":[true,false,true,false,true,false,false,true],"height":1.42983949725488},{"image_id":"dbb2f8000bc04b3ebcd0a55112786149","pose":[-0.595363,0.00457706,-0.803444,1.10196,0.803383,0.0168543,-0.595222,-1.10724,0.0108174,-0.999847,-0.0137106,1.41536,0,0,0,1],"included":true,"visible":[false,false,true,true,false,false,true,true],"unobstructed":[false,false,true,true,false,false,true,true],"height":1.4186255623107038},{"image_id":"29b20fa80dcd4771974303c1ccd8953f","pose":[0.292738,0.0164579,-0.956051,-2.77306,0.956096,0.0090939,0.292909,1.55377,0.0135152,-0.999823,-0.0130722,1.43367,0,0,0,1],"included":true,"visible":[true,true,true,false,true,false,false,false],"unobstructed":[true,true,false,false,false,false,false,false],"height":1.4237594118402337},{"image_id":"0ee20663dfa34b438d48750ddcd7366c","pose":[-0.75968,-0.0019971,-0.650293,-0.111567,0.650131,0.0201598,-0.759554,1.31337,0.014627,-0.999794,-0.0140156,1.42291,0,0,0,1],"included":true,"visible":[false,false,true,true,true,false,false,true],"unobstructed":[false,false,true,false,true,false,false,true],"height":1.4276556862049736},{"image_id":"47d8a8282c1c4a7fb3eeeacc45e9d959","pose":[-0.0254788,0.00643152,-0.999654,-0.0034508,0.999603,0.0120797,-0.0253995,0.0112371,0.0119124,-0.999906,-0.00673574,1.42388,0,0,0,1],"included":true,"visible":[true,true,true,true,true,false,true,false],"unobstructed":[false,true,true,true,true,false,true,false],"height":1.4268855357216241}]