[{"image_id":"27e1974cf8af461e90d0f5124a665654","pose":[-0.975763,0.00219223,0.218824,-0.175352,-0.21882,0.00195051,-0.975764,-6.12684,-0.0025661,-0.999996,-0.00142416,-1.91358,0,0,0,1],"included":true,"visible":[false,false,false,false,false,false,true,false,false,false,false,false,false,false,false,false,false,false,false,false,false,false,false,true,true,false,false,false,false,false,false,false,false,true,true,false,false,false,false,false,true,false,true,false,false,false,false,true,false,true,false,true,false,false,false,false],"unobstructed":[false,false,false,false,false,false,false,false,false,false,false,false,false,false,false,false,false,false,false,false,false,false,false,false,true,false,false,false,false,false,false,false,false,false,true,false,false,false,false,false,false,false,true,false,false,false,false,false,false,true,false,false,false,false,false,false],"height":1.4573278517691075},{"image_id":"aff31ea76e864cbfa280a1d82b5e35d8","pose":[-0.190952,-0.000718143,-0.981599,-2.38392,0.981161,0.0297746,-0.190889,0.170271,0.0293636,-0.999557,-0.00498155,-1.86914,0,0,0,1],"included":true,"visible":[false,false,false,false,false,false,false,false,false,false,false,false,false,false,false,false,false,false,false,false,false,false,false,false,false,false,false,false,false,false,false,false,true,false,false,false,false,false,false,false,true,false,false,false,false,false,false,false,false,false,false,false,false,false,false,false],"unobstructed":[false,false,false,false,false,false,false,false,false,false,false,false,false,false,false,false,false,false,false,false,false,false,false,false,false,false,false,false,false,false,false,false,true,false,false,false,false,false,false,false,false,false,false,false,false,false,false,false,false,false,false,false,false,false,false,false],"height":1.4598620695148063},{"image_id":"871d8081c12f4c8585e62515f441d69a","pose":[0.0998377,0.00314843,0.994999,3.86006,-0.994928,-0.0120871,0.0998689,-10.2416,0.0123409,-0.999922,0.00192508,-1.60838,0,0,0,1],"included":true,"visible":[false,false,false,false,false,false,false,false,false,false,false,false,false,false,false,false,false,false,false,true,false,false,false,false,false,false,false,true,false,true,false,false,false,true,false,false,false,false,false,false,false,false,false,false,false,false,false,false,false,false,false,false,true,false,false,false],"unobstructed":[false,false,false,false,false,false,false,false,false,false,false,false,false,false,false,false,false,false,false,true,false,false,false,false,false,false,false,false,false,false,false,false,false,false,false,false,false,false,false,false,false,false,false,false,false,false,false,false,false,false,false,false,true,false,false,false],"height":1.0191274750115045},{"image_id":"c51b92525949496b94fdde3b4be91ede","pose":[-0.863552,-0.0239455,-0.503691,0.541295,0.504097,-0.0155793,-0.863507,0.187641,0.0128297,-0.999592,0.0255238,1.46447,0,0,0,1],"included":true,"visible":[false,false,false,false,false,false,false,false,false,false,false,false,false,false,false,false,false,false,false,false,false,true,true,false,false,false,false,false,false,false,false,false,false,false,false,false,false,false,false,false,false,false,false,true,false,false,false,false,true,false,false,false,false,false,false,false],"unobstructed":[false,false,false,false,false,false,false,false,false,false,false,false,false,false,false,false,false,false,false,false,false,true,true,false,false,false,false,false,false,false,false,false,false,false,false,false,false,false,false,false,false,false,false,true,false,false,false,false,false,false,false,false,false,false,false,false],"height":1.4573041774598134},{"image_id":"ff561930e4314f5c8af26ebaf5bed637","pose":[-0.997343,-0.0000227345,-0.0728566,4.16399,0.072855,-0.00748336,-0.997315,-5.28762,-0.000522728,-0.999972,0.0074645,1.49444,0,0,0,1],"included":true,"visible":[false,false,false,false,false,false,false,false,false,false,false,false,false,false,false,false,false,false,false,false,false,false,false,false,false,false,false,false,false,false,true,false,false,false,false,false,false,false,false,false,false,false,false,false,true,false,true,false,false,false,false,false,false,false,false,false],"unobstructed":[false,false,false,false,false,false,false,false,false,false,false,false,false,false,false,false,false,false,false,false,false,false,false,false,false,false,false,false,false,false,true,false,false,false,false,false,false,false,false,false,false,false,false,false,false,false,true,false,false,false,false,false,false,false,false,false],"height":1.4846176625095724},{"image_id":"41f833ed92c0489bb85a911668189278","pose":[-0.997892,-0.0127329,0.0636447,3.97361,-0.0634812,-0.0128479,-0.997901,-8.96965,0.0135237,-0.999837,0.0120119,1.52028,0,0,0,1],"included":true,"visible":[false,false,false,false,false,false,false,false,false,false,false,false,false,false,false,false,false,false,true,false,false,false,false,false,false,false,false,false,false,false,false,false,false,false,false,false,false,false,false,false,false,false,false,false,false,false,false,false,false,false,false,false,false,false,false,false],"unobstructed":[false,false,false,false,false,false,false,false,false,false,false,false,false,false,false,false,false,false,true,false,false,false,false,false,false,false,false,false,false,false,false,false,false,false,false,false,false,false,false,false,false,false,false,false,false,false,false,false,false,false,false,false,false,false,false,false],"height":1.4643665489977853},{"image_id":"d20808518c8d4844bb76a2e0a7b98ba4","pose":[-0.689934,-0.00262086,0.723869,-0.0889943,-0.723858,-0.00413639,-0.689938,-8.76537,0.00480225,-0.999988,0.000956078,-1.93014,0,0,0,1],"included":true,"visible":[true,false,true,false,false,false,false,false,false,false,false,false,false,false,false,false,false,false,false,false,false,false,false,true,true,false,false,false,false,true,false,false,false,true,false,false,false,false,false,false,true,false,false,false,false,false,false,true,false,true,false,false,false,false,false,false],"unobstructed":[false,false,false,false,false,false,false,false,false,false,false,false,false,false,false,false,false,false,false,false,false,false,false,false,true,false,false,false,false,true,false,false,false,true,true,false,false,false,false,false,false,false,false,false,false,false,false,false,false,false,false,false,false,false,false,false],"height":1.457094724079237},{"image_id":"21e7d627b7b34355a52f3c88cb2ad446","pose":[0.447062,0.00379072,0.894496,-1.61537,-0.894413,-0.0123721,0.447072,-2.98276,0.0127613,-0.999917,-0.00214124,1.48688,0,0,0,1],"included":true,"visible":[false,false,false,false,false,false,false,false,false,false,false,false,true,false,true,false,false,false,false,false,false,false,false,false,false,true,false,false,false,false,false,true,false,false,false,true,false,false,false,false,false,false,false,false,false,false,false,false,false,false,true,false,false,true,false,false],"unobstructed":[false,false,false,false,false,false,false,false,false,false,false,true,true,false,true,false,false,false,false,false,false,false,false,false,false,false,false,false,false,false,false,true,false,false,false,false,false,false,false,false,false,false,false,false,false,false,false,false,false,false,false,false,false,true,false,false],"height":1.4673386096690508},{"image_id":"91c5afdf381d439380d3ca8d6eb27b03","pose":[0.988033,0.00174128,-0.15424,3.43688,0.154246,-0.00368914,0.988026,-4.29396,0.00115123,-0.999992,-0.0039142,1.47566,0,0,0,1],"included":true,"visible":[false,false,false,false,false,false,false,false,false,false,false,false,false,true,false,false,false,false,false,false,true,false,false,false,false,false,true,false,false,false,false,false,false,false,false,false,false,false,false,false,false,false,false,true,true,false,false,false,false,false,false,false,false,false,false,false],"unobstructed":[false,false,false,false,false,false,false,false,false,false,false,false,false,true,false,false,false,false,false,false,true,false,false,false,false,false,true,false,true,false,false,false,false,false,false,false,false,false,false,false,false,false,false,true,true,false,false,false,false,false,false,false,false,false,false,false],"height":1.4732385989973984},{"image_id":"81309402fcf041df881e7aca01b8b4f2","pose":[0.710978,0.00579095,0.703191,-2.28937,-0.703003,-0.0187302,0.710941,-7.19284,0.0172877,-0.999808,-0.0092463,1.53011,0,0,0,1],"included":true,"visible":[false,false,false,false,false,false,false,true,false,false,false,true,true,false,false,false,false,false,true,false,false,false,false,false,false,false,false,false,false,false,false,false,false,false,false,false,false,false,true,false,false,true,false,false,false,false,false,false,false,false,true,false,false,true,true,false],"unobstructed":[false,false,false,false,false,false,false,false,false,false,false,true,true,false,false,false,false,false,false,false,false,false,false,false,false,false,false,false,false,false,false,false,false,false,false,false,false,false,false,false,false,false,false,false,false,false,false,false,false,false,false,false,false,false,false,false],"height":1.4681500701132986},{"image_id":"7d7ba5af47c84c30850af05e203342e5","pose":[0.38614,-0.00200845,-0.922439,4.43044,0.922408,0.00933257,0.386106,-2.32512,0.00783306,-0.999955,0.00545566,1.45825,0,0,0,1],"included":true,"visible":[false,false,false,false,false,false,false,false,false,false,false,false,false,true,false,false,false,false,false,false,false,false,false,false,false,false,false,false,true,false,false,false,false,false,false,false,false,false,false,false,false,false,false,false,false,false,false,false,false,false,false,false,false,false,false,false],"unobstructed":[false,false,false,false,false,false,false,false,false,false,false,false,false,true,false,false,false,false,false,false,true,false,false,false,false,false,false,false,true,false,false,false,false,false,false,false,false,false,false,false,false,false,false,false,false,false,false,false,false,false,false,false,false,false,false,false],"height":1.4757110150078534},{"image_id":"f9e969d895654fb5b82a1366e0b72762","pose":[0.872601,0.0117787,0.488294,-0.852606,-0.488185,-0.0109889,0.872671,-7.12851,0.0156446,-0.999871,-0.00383936,1.52093,0,0,0,1],"included":true,"visible":[false,false,false,false,false,false,false,true,false,true,false,false,true,false,false,false,false,false,true,false,false,false,false,false,false,false,false,false,false,false,false,false,false,false,false,false,false,true,true,false,false,true,false,false,false,false,false,false,false,false,true,false,false,true,true,false],"unobstructed":[false,false,false,false,false,false,false,true,false,true,false,false,true,false,false,false,false,false,false,false,false,false,false,false,false,false,false,false,false,false,false,false,false,false,false,false,false,true,false,false,false,false,false,false,false,false,false,false,false,false,true,false,false,false,false,false],"height":1.4679718125864585},{"image_id":"57bdea1f5113402d9b4a65450e030424","pose":[-0.953909,-0.016165,0.299665,-0.176495,-0.299416,-0.0161302,-0.953987,-5.46541,0.0202547,-0.99974,0.010546,1.5042,0,0,0,1],"included":true,"visible":[false,false,false,false,false,false,false,true,false,false,false,true,false,false,false,false,false,false,false,false,false,false,false,false,false,true,false,false,false,false,false,true,false,false,false,true,false,false,false,false,false,false,false,false,false,false,false,false,false,false,true,false,false,false,true,false],"unobstructed":[false,false,false,false,false,false,false,true,false,true,false,true,false,false,false,false,false,false,false,false,false,false,false,false,false,false,false,false,false,false,false,true,false,false,false,false,false,false,false,false,false,false,false,false,false,false,false,false,false,false,true,false,false,false,true,false],"height":1.4648375397050861},{"image_id":"e6ac6b13b27c41b28df5d51a7e26549d","pose":[0.422637,-0.00357012,-0.906292,4.40788,0.906299,0.00248968,0.42263,-3.15139,0.000747354,-0.999991,0.0042872,1.46033,0,0,0,1],"included":true,"visible":[false,false,false,false,false,false,false,false,true,false,true,false,false,false,false,false,false,false,false,false,true,false,false,false,false,false,false,false,false,false,false,false,false,false,false,false,false,false,false,false,false,false,false,false,true,false,false,false,false,false,false,false,false,false,false,false],"unobstructed":[false,false,false,false,false,false,false,false,true,false,true,false,false,false,false,false,false,false,false,false,true,false,false,false,false,false,false,false,false,false,false,false,false,false,false,false,false,false,false,false,false,false,false,false,false,false,false,false,false,false,false,false,false,false,false,false],"height":1.4734620526796818},{"image_id":"fea557b2ef0e46929f85f0bfd71f9bdc","pose":[-0.0736992,-0.00469823,0.99727,-2.84263,-0.996992,-0.0237463,-0.0737902,-2.96353,0.0240279,-0.999707,-0.00293465,1.50784,0,0,0,1],"included":true,"visible":[false,false,false,false,false,false,false,true,false,false,false,false,false,false,false,false,false,false,false,false,false,false,false,false,false,false,false,false,false,false,false,false,false,false,false,false,false,false,false,false,false,false,false,false,false,false,false,false,false,false,false,false,false,false,false,false],"unobstructed":[false,false,false,false,false,false,false,true,false,false,false,false,false,false,false,false,false,false,false,false,false,false,false,false,false,false,false,false,false,false,false,false,false,false,false,false,false,false,false,false,false,false,false,false,false,false,false,false,false,false,false,false,false,false,false,false],"height":1.4837038032344978},{"image_id":"c3cbc9cde04b4568aad232bf17a0bc1e","pose":[0.906953,0.0142359,-0.420992,-2.34459,0.420682,0.0205037,0.906977,-3.4697,0.0215433,-0.999689,0.0126065,-1.89918,0,0,0,1],"included":true,"visible":[true,false,false,false,false,false,false,false,false,false,false,false,false,false,false,false,false,false,false,false,false,false,false,true,true,false,false,false,false,false,false,false,false,false,false,false,false,false,false,false,true,false,false,false,false,false,false,true,false,true,false,false,false,false,false,false],"unobstructed":[false,false,false,false,false,false,false,false,false,false,false,false,false,false,false,false,false,false,false,false,false,false,false,true,false,false,false,false,false,false,false,false,false,false,false,false,false,false,false,false,true,false,false,false,false,true,false,true,false,true,false,false,false,false,false,true],"height":1.4556936053953262},{"image_id":"a0624e5f721b4283bbf4455ebc882674","pose":[-0.996681,0.00241265,0.0813821,2.43891,-0.0813742,0.00315969,-0.996679,-7.77457,-0.00266196,-0.999992,-0.0029535,-1.90613,0,0,0,1],"included":true,"visible":[false,false,false,false,false,false,false,false,false,false,false,false,false,false,false,false,false,false,false,false,false,false,false,false,false,false,false,false,false,false,false,false,false,false,false,false,true,false,false,false,false,false,false,false,false,false,false,false,false,false,false,true,true,false,false,true],"unobstructed":[false,false,false,false,false,false,false,false,false,false,false,false,false,false,false,false,false,false,false,false,false,false,false,false,false,false,false,false,false,false,false,false,false,false,true,false,true,false,false,false,false,false,false,false,false,false,false,false,false,false,false,true,false,false,false,false],"height":1.4591262870998944},{"image_id":"0bc53661f71543df85e5499ea85f74c7","pose":[0.901782,-0.0154868,0.431915,6.28971,-0.431781,0.0113422,0.901908,-7.79766,-0.0188667,-0.999816,0.00354071,1.49447,0,0,0,1],"included":true,"visible":[false,false,false,false,false,false,false,false,false,false,false,false,false,false,false,false,false,false,true,false,false,false,false,false,false,false,false,true,false,false,false,false,false,false,false,false,false,false,true,false,false,true,false,false,false,false,false,false,false,false,false,false,false,false,false,false],"unobstructed":[false,false,false,false,false,false,false,false,false,false,false,false,false,false,false,false,false,false,true,false,false,false,false,false,false,false,false,true,false,false,false,false,false,false,false,false,false,false,false,false,false,true,false,false,false,false,false,false,false,false,false,false,false,false,false,false],"height":1.4606739438154874},{"image_id":"5062afb29ed34159a1e05c60e6cf6585","pose":[-0.881312,-0.0169141,-0.472234,3.93359,0.472433,-0.0106045,-0.881303,-7.19794,0.00989841,-0.999801,0.017336,1.50934,0,0,0,1],"included":true,"visible":[false,false,false,false,false,true,false,false,false,true,false,true,false,false,false,false,false,true,false,false,false,false,false,false,false,false,false,false,false,false,false,false,false,false,false,false,false,false,true,false,false,true,false,false,false,false,false,false,false,false,true,false,false,false,true,false],"unobstructed":[false,false,false,false,false,true,false,false,false,false,false,false,false,false,false,false,false,true,false,false,false,false,false,false,false,false,false,false,false,false,false,false,false,false,false,false,false,false,true,false,false,true,false,false,false,false,false,false,false,false,false,false,false,false,false,false],"height":1.474198236384583},{"image_id":"d9d2484fd1b44448b04b6eadf278d9db","pose":[-0.0162347,-0.00176325,0.999867,5.13477,-0.999803,-0.0114544,-0.0162536,-10.2633,0.0114814,-0.999933,-0.00157757,-0.695473,0,0,0,1],"included":true,"visible":[false,false,true,false,false,false,false,false,false,false,false,false,false,false,false,false,false,false,false,false,false,false,false,false,false,false,false,true,false,true,false,false,false,true,false,false,false,false,false,false,false,false,false,false,false,false,false,false,false,false,false,false,true,false,false,false],"unobstructed":[false,false,true,false,false,false,false,false,false,false,false,false,false,false,false,false,false,false,false,false,false,false,false,false,false,false,false,true,false,false,false,false,false,false,false,false,false,false,false,false,false,false,false,false,false,false,false,false,false,false,false,false,false,false,false,false],"height":0.9683907107387892},{"image_id":"fae6e14f539d49e6ae5007da3497e6fa","pose":[-0.52711,-0.00992072,-0.84974,5.00122,0.849797,-0.00506243,-0.527086,-4.23448,0.000927137,-0.999938,0.0110984,1.46674,0,0,0,1],"included":true,"visible":[false,false,false,false,false,false,false,false,true,false,true,false,false,true,false,false,false,false,false,false,false,false,false,false,false,false,true,false,false,false,false,false,false,false,false,false,false,false,false,false,false,false,false,false,false,false,false,false,false,false,false,false,false,false,false,false],"unobstructed":[false,false,false,false,false,false,false,false,true,false,true,false,false,true,false,false,false,false,false,false,false,false,false,false,false,false,false,false,false,false,false,false,false,false,false,false,false,false,false,false,false,false,false,false,false,false,false,false,false,false,false,false,false,false,false,false],"height":1.465112110195193},{"image_id":"3a4c65b97ebb4b4fb888a262586c3fa7","pose":[0.249401,-0.0187561,-0.968219,2.76615,0.968382,-0.0014342,0.249471,-0.938241,-0.00606792,-0.999823,0.0178048,1.45378,0,0,0,1],"included":true,"visible":[false,false,false,true,false,false,false,false,false,false,false,false,false,false,false,false,false,false,false,false,false,false,true,false,false,false,true,false,false,false,false,false,false,false,false,false,false,false,true,true,false,false,false,false,true,false,false,false,false,false,false,false,false,false,false,false],"unobstructed":[false,false,false,true,false,false,false,false,false,false,false,false,false,false,false,false,false,false,false,false,false,false,true,false,false,false,false,false,false,false,false,false,false,false,false,false,false,false,false,true,false,false,false,false,false,false,false,false,false,false,false,false,false,false,false,false],"height":1.4759166096059793},{"image_id":"6ffda5b4b3394a4c8f79e157a2d3682d","pose":[-0.807665,-0.0202206,-0.589296,2.28586,0.589603,-0.0160977,-0.807533,0.340132,0.00684234,-0.999666,0.024923,1.44673,0,0,0,1],"included":true,"visible":[false,false,false,true,false,false,false,false,false,false,false,false,false,false,false,false,false,false,false,false,false,true,false,false,false,false,true,false,false,false,false,false,false,false,false,false,false,false,true,true,false,false,false,false,true,false,false,false,false,false,false,false,false,false,false,false],"unobstructed":[false,false,false,true,false,false,false,false,false,false,false,false,false,false,false,false,false,false,false,false,false,true,false,false,false,false,false,false,false,false,false,false,false,false,false,false,false,false,false,true,false,false,false,true,false,false,false,false,false,false,false,false,false,false,false,false],"height":1.4678696811662078},{"image_id":"16f04516e33a4423af79b8f7dc46904c","pose":[-0.392412,0.0194458,0.919585,-0.251213,-0.919788,-0.00593846,-0.392373,-3.38446,-0.00216928,-0.999794,0.0202157,-1.8828,0,0,0,1],"included":true,"visible":[true,false,false,false,false,false,true,false,false,false,false,false,false,false,false,true,false,false,false,false,false,false,false,false,true,false,false,false,false,false,false,false,false,true,false,false,false,false,false,false,true,false,false,false,false,false,false,true,false,true,false,false,false,false,false,false],"unobstructed":[false,false,false,false,false,false,false,false,false,false,false,false,false,false,false,true,false,false,false,false,false,false,false,false,false,false,false,false,false,false,false,false,false,false,false,false,false,false,false,false,false,false,true,false,false,true,false,true,false,true,false,false,false,false,false,false],"height":1.4613665588684595},{"image_id":"b2157583eedf426383de6e6e9753a4da","pose":[0.118072,0.0153486,0.992887,-0.0847765,-0.993004,-0.0000927728,0.118088,-7.21029,0.0019044,-0.999882,0.0152296,-1.92412,0,0,0,1],"included":true,"visible":[true,false,false,false,false,false,true,false,false,false,false,false,false,false,false,false,false,false,false,false,false,false,false,true,false,false,false,false,false,false,false,false,false,true,true,false,false,false,false,false,true,false,true,false,false,false,false,true,false,true,false,false,false,false,false,true],"unobstructed":[true,false,false,false,false,false,true,false,false,false,false,false,false,false,false,false,false,false,false,false,false,false,false,false,false,false,false,false,false,false,false,false,false,false,true,false,false,false,false,false,false,false,true,false,false,false,false,false,false,false,false,true,false,false,false,false],"height":1.4544410105334842},{"image_id":"3560fdb7b97c462ab565c8946b77ecef","pose":[0.998328,0.00321412,-0.0577311,0.283684,0.0577596,-0.00970935,0.998284,-8.2445,0.00264789,-0.999948,-0.00987938,1.52816,0,0,0,1],"included":true,"visible":[false,false,false,false,false,false,false,true,false,false,false,false,true,false,false,false,false,false,false,false,false,false,false,false,false,false,false,false,false,false,false,false,false,false,false,true,false,true,false,false,false,false,false,false,false,false,false,false,false,false,true,false,false,false,true,false],"unobstructed":[false,false,false,false,false,false,false,false,false,false,false,false,false,false,false,false,false,false,false,false,false,false,false,false,false,false,false,false,false,false,false,false,false,false,false,true,false,true,false,false,false,false,false,false,false,false,false,false,false,false,true,false,false,false,true,false],"height":1.4698295376772204},{"image_id":"533a4cd1505a486fa8801bb3aa38f2e3","pose":[-0.783228,-0.0103073,0.621651,2.44577,-0.621303,-0.0243291,-0.783193,-4.28559,0.0231966,-0.999651,0.0126507,1.47982,0,0,0,1],"included":true,"visible":[false,false,false,false,false,false,false,false,true,false,false,false,false,false,false,false,false,false,false,false,true,true,true,false,false,false,false,false,false,false,false,false,false,false,false,false,false,false,true,true,false,false,false,false,true,false,true,false,false,false,false,false,false,false,false,false],"unobstructed":[false,false,false,false,false,false,false,false,true,false,false,false,false,false,false,false,false,false,false,false,false,false,false,false,false,false,false,false,false,false,false,false,false,false,false,false,false,false,false,true,false,false,false,false,true,false,true,false,false,false,false,false,false,false,false,false],"height":1.4729456522499536},{"image_id":"e2de0f25e4f2451c82292a347d3a5f55","pose":[0.342121,0.0149352,-0.939538,5.88388,0.939592,-0.0171154,0.341869,-10.2806,-0.0109749,-0.999742,-0.0198892,0.1397,0,0,0,1],"included":true,"visible":[false,false,true,false,false,false,false,false,false,false,false,false,false,false,false,false,false,true,false,true,false,false,false,false,false,false,false,false,false,true,false,false,false,true,false,false,false,false,false,false,false,false,false,false,false,false,false,false,false,false,false,false,true,false,false,false],"unobstructed":[false,false,false,false,false,false,false,false,false,false,false,false,false,false,false,false,false,true,false,true,false,false,false,false,false,false,false,false,false,false,false,false,false,false,false,false,false,false,false,false,false,false,false,false,false,false,false,false,false,false,false,false,false,false,false,false],"height":1.4664317787038907},{"image_id":"bf86bc749f794739a74bac109ec2f4ef","pose":[0.923822,0.00960577,0.382704,5.78593,-0.382665,-0.00571222,0.92387,-2.18694,0.0110604,-0.999938,-0.00160192,1.45024,0,0,0,1],"included":true,"visible":[false,false,false,false,false,false,false,false,true,false,true,false,false,false,false,false,false,false,false,false,false,false,false,false,false,false,false,false,false,false,false,false,false,false,false,false,false,false,false,false,false,false,false,false,false,false,false,false,false,false,false,false,false,false,false,false],"unobstructed":[false,false,false,false,false,false,false,false,true,false,true,false,false,false,false,false,false,false,false,false,false,false,false,false,false,false,false,false,false,false,false,false,false,false,false,false,false,false,false,false,false,false,false,false,false,false,false,false,false,false,false,false,false,false,false,false],"height":1.4625867245895237},{"image_id":"fdf3a24fdd1c41b092aa9e5ede5946d1","pose":[0.50824,0.0208065,0.860965,1.28294,-0.861138,-0.00120892,0.508371,-10.12,0.0116181,-0.999783,0.0173022,-1.93537,0,0,0,1],"included":true,"visible":[false,false,true,false,false,false,false,false,false,false,false,false,false,false,false,false,false,false,false,true,false,false,false,false,false,false,false,true,false,false,false,false,false,true,false,false,true,false,false,false,false,false,false,false,false,false,false,true,false,false,false,false,true,false,false,false],"unobstructed":[false,false,false,false,false,false,true,false,false,false,false,false,false,false,false,false,false,false,false,false,false,false,false,false,false,false,false,false,false,false,false,false,false,true,false,false,true,false,false,false,false,false,false,false,false,false,false,false,false,false,false,false,true,false,false,false],"height":1.4594476803824723},{"image_id":"6975b20fd2964adcbe00ee81f5afbb2f","pose":[-0.721127,0.00831386,-0.692753,5.24057,0.692715,-0.00737708,-0.721175,-5.37557,-0.0111064,-0.999939,-0.000439946,1.48711,0,0,0,1],"included":true,"visible":[false,false,false,false,true,false,false,false,false,false,false,false,false,false,false,false,false,false,false,false,false,false,false,false,false,false,false,false,false,false,false,false,false,false,false,false,false,false,false,false,false,false,false,false,true,false,true,false,false,false,false,false,false,false,false,false],"unobstructed":[false,false,false,false,true,false,false,false,false,false,false,false,false,false,false,false,false,false,false,false,false,false,false,false,false,false,false,false,false,false,false,false,false,false,false,false,false,false,false,false,false,false,false,false,false,false,false,false,false,false,false,false,false,false,false,false],"height":1.4728387668608454},{"image_id":"37fc3df516b34c7b95d95c9097151ad9","pose":[0.610393,0.00582717,0.792078,-1.51319,-0.791967,-0.0138381,0.610408,-4.27532,0.0145176,-0.999888,-0.00383237,1.49497,0,0,0,1],"included":true,"visible":[false,false,false,false,false,false,false,true,false,false,false,false,true,false,false,false,false,false,false,false,false,false,false,false,false,true,false,false,false,false,false,false,false,false,false,true,false,false,false,false,false,false,false,false,false,false,false,false,false,false,true,false,false,true,true,false],"unobstructed":[false,false,false,false,false,false,false,true,false,false,false,false,true,false,false,false,false,false,false,false,false,false,false,false,false,false,false,false,false,false,false,false,false,false,false,false,false,false,false,false,false,false,false,false,false,false,false,false,false,false,true,false,false,false,false,false],"height":1.464079003839667},{"image_id":"fe2d6243c11d4edb877748f6b6988957","pose":[-0.430611,0.00499121,-0.902524,-1.30006,0.902294,0.0256741,-0.430358,-0.080544,0.0210233,-0.999658,-0.0155597,-1.85474,0,0,0,1],"included":true,"visible":[false,true,false,false,false,false,false,false,false,false,false,false,false,false,false,false,false,false,false,false,false,false,false,false,false,false,false,false,false,false,false,false,false,false,false,false,false,false,false,false,true,false,false,false,false,false,false,false,false,false,false,false,false,false,false,false],"unobstructed":[false,true,false,false,false,false,false,false,false,false,false,false,false,false,false,false,false,false,false,false,false,false,false,false,false,false,false,false,false,false,false,false,false,false,false,false,false,false,false,false,true,false,false,false,false,false,false,false,false,false,false,false,false,false,false,false],"height":1.4720655232502535},{"image_id":"902b0496eeb94742995708a15c69bb26","pose":[-0.429348,0.00325705,0.903134,0.00038781,-0.90312,-0.00816196,-0.429312,-10.2339,0.00597286,-0.999962,0.00644519,-1.94025,0,0,0,1],"included":true,"visible":[true,false,true,false,false,false,true,false,false,false,false,false,false,false,false,false,false,false,false,true,false,false,false,true,true,false,false,true,false,true,false,false,false,false,false,false,false,false,false,false,true,false,false,false,false,false,false,true,false,true,false,false,true,false,false,false],"unobstructed":[false,false,false,false,false,false,true,false,false,false,false,false,false,false,false,false,false,false,false,false,false,false,false,false,false,false,false,false,false,true,false,false,false,false,false,false,false,false,false,false,false,false,false,false,false,false,false,false,false,false,false,false,false,false,false,false],"height":1.45886295140719},{"image_id":"e80f0f3dbb31423d890e2c2e42759bd1","pose":[-0.914564,0.000285816,-0.404442,1.37556,0.404425,0.00990763,-0.914518,-6.17479,0.00374549,-0.999951,-0.00917738,-1.89605,0,0,0,1],"included":true,"visible":[true,false,false,false,false,false,false,false,false,false,false,false,false,false,false,false,false,false,false,false,false,false,false,false,true,false,false,false,false,false,false,false,false,false,false,false,false,false,false,false,false,false,true,false,false,true,false,false,false,true,false,true,true,false,false,false],"unobstructed":[true,false,false,false,false,false,true,false,false,false,false,false,false,false,false,false,true,false,false,false,false,false,false,false,true,false,false,false,false,false,false,false,false,false,false,false,false,false,false,false,false,false,true,false,false,true,false,false,false,true,false,true,false,false,false,false],"height":1.4594491737683277},{"image_id":"d2e778a1130d4dbfb60b503a7b528d80","pose":[0.982648,0.00287766,0.185464,0.748757,-0.185429,-0.00955632,0.982612,-9.71964,0.00459979,-0.999951,-0.00885752,1.53993,0,0,0,1],"included":true,"visible":[false,false,false,false,false,false,false,true,false,false,false,false,true,false,false,false,false,false,false,false,false,false,false,false,false,true,false,false,false,false,false,false,false,false,false,false,false,true,false,false,false,false,false,false,false,false,false,false,false,false,true,false,false,false,false,false],"unobstructed":[false,false,false,false,false,false,false,false,false,false,false,false,false,false,false,false,false,false,false,false,false,false,false,false,false,true,false,false,false,false,false,false,false,false,false,false,false,true,false,false,false,false,false,false,false,false,false,false,false,false,false,false,false,false,false,false],"height":1.468409187498489},{"image_id":"f533db485c9c4a72b7b456bbc6ea5d07","pose":[-0.9988,0.000685631,0.0489854,2.41012,-0.0489839,0.00185359,-0.998798,-9.01649,-0.000775794,-0.999998,-0.00181841,-1.91958,0,0,0,1],"included":true,"visible":[false,false,false,false,false,false,false,false,false,false,false,false,false,false,false,false,true,false,false,false,false,false,false,false,false,false,false,false,false,true,false,false,false,false,false,false,false,false,false,false,false,false,false,false,false,false,false,false,false,false,false,true,true,false,false,false],"unobstructed":[false,false,false,false,false,false,false,false,false,false,false,false,false,false,false,false,true,false,false,false,false,false,false,false,false,false,false,false,false,true,false,false,false,false,false,false,false,false,false,false,false,false,false,false,false,false,false,false,false,false,false,false,true,false,false,false],"height":1.4569064570918144},{"image_id":"f252cace47cd461c8c2277dfb9aaf9c5","pose":[0.733805,0.0000627353,-0.679361,1.11127,0.67936,-0.00147405,0.733804,-8.79462,-0.00095556,-0.999999,-0.00112491,1.53136,0,0,0,1],"included":true,"visible":[false,false,false,false,false,false,false,false,false,false,false,true,false,false,false,false,false,false,false,false,false,false,false,false,false,true,false,false,false,false,false,false,false,false,false,true,false,false,false,false,false,false,false,false,false,false,false,false,false,false,false,false,false,false,false,false],"unobstructed":[false,false,false,false,false,false,false,false,false,false,false,true,false,false,false,false,false,false,false,false,false,false,false,false,false,true,false,false,false,false,false,false,false,false,false,true,false,false,false,false,false,false,false,false,false,false,false,false,false,false,false,false,false,false,false,false],"height":1.4738516233479955},{"image_id":"1e61d22315c945378096f3055645d9e1","pose":[0.184444,-0.00614832,-0.982824,2.47409,0.982831,-0.00398883,0.18447,-7.06155,-0.00505469,-0.999973,0.00530642,1.50921,0,0,0,1],"included":true,"visible":[false,false,false,false,false,false,false,false,false,true,false,true,false,false,false,false,false,true,true,false,false,true,true,false,false,false,true,false,false,false,false,false,false,false,false,false,false,false,false,true,false,true,false,false,true,false,false,false,false,false,true,false,false,false,true,false],"unobstructed":[false,false,false,false,false,false,false,false,false,false,false,false,false,false,false,false,false,false,true,false,false,false,false,false,false,false,false,false,false,false,false,false,false,false,false,false,false,false,false,false,false,false,false,false,true,false,false,false,false,false,false,false,false,false,true,false],"height":1.4738691927670127},{"image_id":"c657ac66dec0483683d0d6356992b868","pose":[-0.0789064,-0.00953403,0.996837,2.34681,-0.99684,-0.00853441,-0.078988,-2.99641,0.0092603,-0.999918,-0.0088311,1.47006,0,0,0,1],"included":true,"visible":[false,false,false,false,false,false,false,false,false,false,false,false,false,false,false,false,false,false,false,false,false,true,true,false,false,false,true,false,false,false,false,false,false,false,false,false,false,false,true,false,false,false,false,false,true,false,false,false,true,false,false,false,false,false,false,false],"unobstructed":[false,false,false,false,false,false,false,false,false,false,false,false,false,false,false,false,false,false,false,false,false,true,true,false,false,false,true,false,false,false,false,false,false,false,false,false,false,false,false,false,false,false,false,true,false,false,false,false,true,false,false,false,false,false,false,false],"height":1.4620083604820888},{"image_id":"0d22d1de9f4d4668b333ac24923d8940","pose":[0.342209,0.00867322,-0.939584,-0.000493565,0.939417,0.0178447,0.342312,-0.00226458,0.0197353,-0.999803,-0.00204181,-1.84011,0,0,0,1],"included":true,"visible":[true,true,false,false,false,false,true,false,false,false,false,false,false,false,false,false,false,false,false,false,false,false,false,true,true,false,false,false,false,false,false,false,true,true,false,false,false,false,false,false,false,false,false,false,false,false,false,true,false,true,false,false,false,false,false,false],"unobstructed":[false,false,false,false,false,false,false,false,false,false,false,false,false,false,false,true,false,false,false,false,false,false,false,false,false,false,false,false,false,false,false,false,true,false,false,false,false,false,false,false,false,false,false,false,false,false,false,true,false,false,false,false,false,false,false,false],"height":1.4579357231094339},{"image_id":"dd4e4342c9d849c6881d1e4ba1b816da","pose":[0.259554,-0.00485953,-0.965717,5.22534,0.965729,0.00134979,0.25955,-7.13101,0.0000420371,-0.999988,0.00504271,1.5082,0,0,0,1],"included":true,"visible":[false,false,false,false,false,false,false,false,false,true,false,true,false,false,false,false,false,true,true,false,false,false,false,false,false,false,false,false,false,false,false,false,false,false,false,false,false,false,true,false,false,false,false,false,false,false,false,false,false,false,true,false,false,false,true,false],"unobstructed":[false,false,false,false,false,false,false,false,false,false,false,false,false,false,false,false,false,true,true,false,false,false,false,false,false,false,false,false,false,false,false,false,false,false,false,false,false,false,false,false,false,false,false,false,false,false,false,false,false,false,false,false,false,false,false,false],"height":1.48230662025475},{"image_id":"bc280058ef514e16860da03ecb6cdb07","pose":[0.991132,0.0142338,-0.13212,-1.4062,0.131865,0.0175682,0.991112,-7.16494,0.0164282,-0.999745,0.0155348,-1.9318,0,0,0,1],"included":true,"visible":[true,false,true,false,false,false,false,false,false,false,false,false,false,false,false,false,false,false,false,false,false,false,false,true,true,false,false,false,false,false,false,false,false,false,true,false,false,false,false,false,true,false,false,false,false,false,false,true,false,false,false,true,false,false,false,true],"unobstructed":[true,false,false,false,false,false,false,false,false,false,false,false,false,false,false,false,false,false,false,false,false,false,false,true,true,false,false,false,false,false,false,false,false,false,true,false,false,false,false,false,false,false,false,false,false,false,false,false,false,false,false,false,false,false,false,true],"height":1.4583336135824547},{"image_id":"433a39089bf94c7994e39d5e7115cd02","pose":[-0.927178,-0.0037345,0.374604,0.192456,-0.374508,-0.0154309,-0.927096,-1.30229,0.00924253,-0.999874,0.012908,1.48133,0,0,0,1],"included":true,"visible":[false,false,false,true,false,false,false,false,true,false,false,false,false,false,false,false,false,false,false,false,false,false,false,false,false,false,false,false,false,false,false,false,false,false,false,false,false,false,false,true,false,false,false,false,false,false,false,fals