[{"image_id":"d6d4416592a0483691a1ed7d3b336a1a","pose":[-0.997406,0.0166255,-0.0700423,2.73584,0.0702734,0.013738,-0.997433,1.16186,-0.0156208,-0.999768,-0.0148711,2.34034,0,0,0,1],"included":true,"visible":[false,false,false,false,false,false,false,false,false,false,false,false,false,false,false,false,false,true,false,false,false,false,false,true,true,false,false,false,false,false,false,false,false,true,false,false,false,false,false,false,false,false,false,false,false,false,false,true],"unobstructed":[false,false,false,false,false,false,false,false,false,false,false,false,false,false,false,false,false,false,false,false,false,false,false,true,true,false,false,false,false,false,false,false,false,true,false,false,false,false,false,false,false,false,false,false,false,false,false,true],"height":1.5471053453611627},{"image_id":"373c50dfa27649188f8e5b66c28f10a7","pose":[0.697427,-0.0114129,0.716565,5.19374,-0.716648,-0.0063195,0.697407,-2.08644,-0.00343127,-0.999915,-0.0125868,1.51015,0,0,0,1],"included":true,"visible":[false,false,false,false,true,false,false,false,false,false,false,false,false,false,true,false,true,false,false,true,true,false,false,false,false,false,true,false,false,false,false,false,false,false,false,false,false,false,false,false,false,false,false,true,false,false,false,false],"unobstructed":[false,false,false,false,true,false,false,false,false,false,false,false,false,false,true,false,true,false,false,false,false,false,false,false,false,false,true,false,false,false,false,false,false,false,false,false,false,false,false,false,false,false,false,true,false,false,false,false],"height":0.7450637425842317},{"image_id":"30cdb6fe9aa6449788e271f2e24d76ec","pose":[0.284402,-0.0133838,0.958612,11.2446,-0.958554,-0.021791,0.284081,8.4827,0.0170869,-0.999673,-0.0190269,0.708956,0,0,0,1],"included":true,"visible":[false,false,false,false,false,false,true,false,false,false,false,false,true,false,false,false,false,false,false,true,false,false,false,false,false,false,false,true,false,false,false,false,false,false,false,true,true,false,true,false,true,false,false,false,false,false,true,false],"unobstructed":[false,false,false,false,false,false,false,false,false,false,false,false,false,false,false,false,false,false,false,false,false,false,false,false,false,false,false,false,false,false,false,false,false,false,false,true,false,false,true,false,false,false,false,false,false,false,false,false],"height":0.7390627829991667},{"image_id":"809153d4577f43e9b2e8115245fbaa2e","pose":[-0.685509,-0.0110266,0.727982,7.94104,-0.728054,0.00481886,-0.685503,2.30275,0.00405057,-0.999928,-0.0113317,1.53312,0,0,0,1],"included":true,"visible":[false,false,false,false,false,false,false,true,false,false,false,false,false,false,true,false,false,false,true,false,true,false,false,false,false,false,true,false,false,false,false,true,false,false,false,false,false,false,false,false,false,false,false,true,false,false,false,false],"unobstructed":[false,false,false,false,false,false,false,true,false,false,false,false,false,false,false,false,false,false,true,false,false,false,false,false,false,false,true,false,false,false,false,true,false,false,false,false,false,false,false,false,false,false,false,false,false,false,false,false],"height":1.5523059869718947},{"image_id":"e4b0794b87994a7699ad7f6ee501d404","pose":[-0.5303,-0.0145332,0.847686,9.33407,-0.847776,-0.0000334298,-0.530356,-2.85321,0.00773598,-0.999895,-0.0123036,1.55513,0,0,0,1],"included":true,"visible":[false,true,false,false,false,false,false,true,false,false,false,false,false,false,true,false,true,false,false,true,true,false,true,false,false,true,true,false,true,false,false,true,false,false,false,false,false,false,false,false,true,false,false,true,false,false,false,false],"unobstructed":[false,true,false,false,false,false,false,false,false,false,false,false,false,false,true,false,false,false,false,false,true,false,false,false,false,false,true,false,true,false,false,true,false,false,false,false,false,false,false,false,false,false,false,false,false,false,false,false],"height":1.560168289576406},{"image_id":"565e3e860daa4b9fa39e79bc38c4b65b","pose":[-0.972707,0.00473304,0.231992,5.0585,-0.231871,0.0182989,-0.972575,-0.360993,-0.00884857,-0.999822,-0.0167024,1.66685,0,0,0,1],"included":true,"visible":[false,false,false,false,false,false,false,false,false,false,true,false,false,false,false,false,false,true,false,false,false,false,false,false,true,false,false,false,false,true,false,false,false,false,false,false,false,false,false,true,false,false,false,false,false,false,false,false],"unobstructed":[false,false,false,false,false,false,false,false,false,false,false,false,false,false,false,false,false,false,false,false,false,false,false,false,false,false,false,false,false,false,false,false,false,false,false,false,false,false,false,true,false,false,false,false,false,false,false,false],"height":0.8755112865793783},{"image_id":"b000c5baa76b454caa1c58c9aac585f6","pose":[-0.997824,0.00461318,-0.0657857,11.555,0.0657777,-0.00188346,-0.997833,6.07469,-0.00472723,-0.999988,0.00157555,1.54124,0,0,0,1],"included":true,"visible":[false,false,true,false,false,false,false,false,false,false,false,true,true,false,false,false,false,false,false,true,false,false,false,false,false,false,false,true,false,false,false,false,false,false,false,true,true,false,true,false,true,false,false,false,false,false,true,false],"unobstructed":[false,false,false,false,false,false,false,false,false,false,false,true,false,false,false,false,false,false,false,false,false,false,false,false,false,false,false,false,false,false,false,false,false,false,false,false,false,false,true,false,false,false,false,false,false,false,true,false],"height":1.5521384374987401},{"image_id":"3362c518d40641d4b95d317186bde71b","pose":[-0.951933,-0.00401252,0.306282,9.4279,-0.306308,0.0103116,-0.951877,1.20735,0.000661027,-0.999939,-0.0110454,1.54222,0,0,0,1],"included":true,"visible":[false,true,false,true,true,false,false,false,false,false,false,false,false,false,true,false,true,false,true,false,false,false,false,false,false,false,true,false,false,false,false,false,false,false,false,false,false,false,false,false,false,false,false,true,false,false,false,false],"unobstructed":[false,false,false,true,false,false,false,false,false,false,false,false,false,false,true,false,false,false,true,false,false,false,false,false,false,false,true,false,false,false,false,false,false,false,false,false,false,false,false,false,false,false,false,false,false,false,false,false],"height":1.5589106679132123},{"image_id":"48a2541fc50b4a57a609698e2375e9b1","pose":[0.986671,0.00664303,-0.162597,0.902489,0.162403,0.0232983,0.98645,-1.60296,0.0103411,-0.999707,0.0219086,2.33409,0,0,0,1],"included":true,"visible":[false,false,false,false,false,false,false,false,false,false,true,false,false,true,false,true,false,false,false,false,false,false,true,false,false,true,false,false,false,true,true,false,false,false,false,false,false,false,false,false,false,false,false,true,false,false,false,false],"unobstructed":[false,false,false,false,false,false,false,false,false,false,true,false,false,true,false,false,false,false,false,false,false,false,true,false,false,false,false,false,false,true,true,false,false,false,false,false,false,false,false,false,false,false,false,false,false,false,false,false],"height":1.5300935155095368},{"image_id":"a59a3a61089343a8ba2834e7d3cd1066","pose":[0.0746155,0.010157,-0.997161,13.1332,0.997195,-0.00672319,0.0745494,4.53185,-0.00594704,-0.999926,-0.0106305,1.54792,0,0,0,1],"included":true,"visible":[false,false,false,false,false,false,false,false,false,false,false,true,false,false,false,false,false,false,false,false,false,false,false,false,false,false,false,false,false,false,false,false,true,false,false,false,false,true,false,false,false,false,false,false,true,false,true,false],"unobstructed":[false,false,false,false,false,false,false,false,false,false,false,true,false,false,false,false,false,false,false,false,false,false,false,false,false,false,false,false,false,false,false,false,true,false,false,false,false,true,false,false,false,false,false,false,true,false,false,false],"height":1.5542810792392285},{"image_id":"ba19aada2e9a47839c0355085f70f7c5","pose":[0.0297276,0.0172025,-0.99941,1.51623,0.999497,0.0105639,0.0299119,-0.0939342,0.0110721,-0.999797,-0.0168802,2.33178,0,0,0,1],"included":true,"visible":[false,false,false,false,false,true,false,false,true,false,false,false,false,false,false,false,false,true,false,false,false,false,false,false,true,false,false,false,false,true,true,false,false,true,true,false,false,false,false,true,false,false,false,false,false,false,false,false],"unobstructed":[false,false,false,false,false,false,false,false,true,false,false,false,false,false,false,true,false,true,false,false,false,false,false,false,false,false,false,false,false,true,true,false,false,true,true,false,false,false,false,false,false,false,false,false,false,false,false,false],"height":1.5446420822188205},{"image_id":"8554983cf79243f6bfb0f6fa8950e8a5","pose":[0.0233809,-0.00526342,-0.999713,12.344,0.99971,-0.00578367,0.0234112,4.49681,-0.00590537,-0.99997,0.00512629,1.54619,0,0,0,1],"included":true,"visible":[false,false,false,false,false,false,true,false,false,true,false,false,false,false,false,false,false,false,false,false,false,false,false,false,false,false,false,true,false,false,false,false,true,false,false,false,false,true,false,false,false,false,false,false,true,false,true,false],"unobstructed":[false,false,false,false,false,false,true,false,false,true,false,false,false,false,false,false,false,false,false,false,false,false,false,false,false,false,false,true,false,false,false,false,true,false,false,false,false,true,false,false,false,false,false,false,true,false,true,false],"height":1.5538364383761858},{"image_id":"3182b6eba9ce405f9e1c0af86cc6b862","pose":[0.999685,0.0201839,-0.0149752,11.8931,0.0149002,0.00385879,0.999882,-0.474207,0.0202392,-0.999789,0.00355645,1.55982,0,0,0,1],"included":true,"visible":[false,false,true,false,false,false,true,false,false,false,false,false,false,false,false,false,false,false,false,true,false,false,false,false,false,false,false,true,false,false,false,false,false,false,false,true,true,false,true,false,true,false,false,false,false,false,true,false],"unobstructed":[false,false,false,false,false,false,false,false,false,false,false,false,false,false,false,false,false,false,false,false,false,false,false,false,false,false,false,false,false,false,false,false,false,false,false,false,true,false,false,false,true,false,false,false,false,true,false,false],"height":1.556094982816516},{"image_id":"792bca2f015c482a82fae650dd5607f5","pose":[0.97059,0.00592324,-0.240666,1.08265,0.24047,0.0233559,0.970376,-2.41007,0.0113686,-0.99971,0.0212443,2.3263,0,0,0,1],"included":true,"visible":[false,false,false,false,true,false,false,false,true,false,false,false,false,false,false,false,false,false,false,true,true,false,true,false,false,true,false,false,true,true,true,false,false,false,false,false,false,false,false,false,false,false,false,true,false,false,false,false],"unobstructed":[false,false,false,false,false,false,false,false,true,false,false,false,false,false,false,false,false,false,false,false,false,false,true,false,false,true,false,false,false,false,false,false,false,false,false,false,false,false,false,false,false,false,false,false,false,false,false,false],"height":1.5712105310297073},{"image_id":"fb270f4e72dd40159a4d4fc5db263fc8","pose":[-0.425184,-0.0109416,0.905042,8.09123,-0.905094,-0.000454839,-0.425214,-2.95539,0.00506403,-0.99994,-0.00971016,1.55395,0,0,0,1],"included":true,"visible":[false,true,false,false,true,false,false,true,false,false,false,false,false,false,false,false,true,false,false,true,true,false,true,false,false,true,true,false,false,false,false,true,false,false,false,false,false,false,false,false,true,false,false,true,false,false,false,false],"unobstructed":[false,true,false,false,true,false,false,true,false,false,false,false,false,false,false,false,true,false,false,false,false,false,false,false,false,false,true,false,false,false,false,true,false,false,false,false,false,false,false,false,false,false,false,false,false,false,false,false],"height":1.5643015087261511},{"image_id":"855bc326ad174253b57626daf123c608","pose":[-0.0783804,0.0113038,-0.99686,-0.63142,0.996896,0.00837811,-0.0782884,2.15925,0.0074667,-0.999901,-0.0119257,2.33954,0,0,0,1],"included":true,"visible":[false,false,false,false,false,false,false,false,true,false,true,false,false,true,false,false,false,false,false,false,false,true,false,false,false,true,false,false,false,true,true,false,false,false,true,false,false,false,false,false,false,false,true,false,false,false,false,false],"unobstructed":[false,false,false,false,false,false,false,false,false,false,true,false,false,false,false,false,false,false,false,false,false,false,false,false,false,false,false,false,false,true,true,false,false,false,true,false,false,false,false,false,false,false,false,false,false,false,false,false],"height":1.5530825069514078},{"image_id":"9e3bb94fbf7f4dc0a74911414ca95753","pose":[-0.0579104,-0.00537633,-0.998308,6.58914,0.998124,0.0195933,-0.0580054,-3.47835,0.0198719,-0.999794,0.00423121,1.54591,0,0,0,1],"included":true,"visible":[false,true,false,false,true,false,false,false,false,false,false,false,false,false,true,false,false,false,true,true,true,false,true,false,false,true,true,false,false,false,false,true,false,false,false,false,false,false,false,false,true,true,false,true,false,false,false,false],"unobstructed":[false,true,false,false,false,false,false,false,false,false,false,false,false,false,true,false,false,false,false,false,false,false,false,false,false,false,true,false,false,false,false,true,false,false,false,false,false,false,false,false,false,false,false,true,false,false,false,false],"height":1.5630978722426974},{"image_id":"9a2945c3ffdf4dc6aa8ff34e0ad42c0b","pose":[-0.152042,0.0159363,-0.988246,2.66729,0.988289,0.0156362,-0.151796,-0.0700564,0.0130332,-0.999751,-0.0181273,2.3395,0,0,0,1],"included":true,"visible":[true,false,false,false,false,true,false,false,false,false,true,false,false,false,false,false,false,false,false,false,false,false,false,false,true,false,false,false,false,true,false,false,false,true,true,false,false,false,false,true,false,false,false,false,false,false,false,true],"unobstructed":[false,false,false,false,false,false,false,false,false,false,true,false,false,false,false,false,false,false,false,false,false,false,false,false,true,false,false,false,false,false,false,false,false,true,true,false,false,false,false,false,false,false,false,false,false,false,false,false],"height":1.5550564550985078},{"image_id":"04135640920a4ba2b7dc68c679c43903","pose":[-0.0281936,-0.0155438,0.999482,6.39399,-0.999575,-0.00709842,-0.0283065,1.60015,0.0075346,-0.999854,-0.0153374,1.5328,0,0,0,1],"included":true,"visible":[false,false,false,true,true,false,false,true,false,false,false,false,false,false,false,false,true,false,false,false,false,false,false,false,false,false,false,false,false,false,false,true,false,false,false,false,false,false,false,false,false,false,false,false,false,false,false,false],"unobstructed":[false,false,false,true,false,false,false,true,false,false,false,false,false,false,false,false,false,false,false,false,false,false,false,false,false,false,false,false,false,false,false,true,false,false,false,false,false,false,false,false,false,false,false,false,false,false,false,false],"height":1.5595559857478583},{"image_id":"c91341f14a4f499e8b45d128091ed087","pose":[0.866348,-0.00121676,-0.499441,11.7049,0.499346,0.021736,0.86613,-2.60811,0.00980181,-0.999763,0.0194381,1.55864,0,0,0,1],"included":true,"visible":[false,true,true,false,true,false,true,false,false,false,false,false,true,false,true,false,true,false,false,false,true,false,true,false,false,true,false,true,true,false,false,false,false,false,false,true,true,false,true,false,true,true,false,true,false,false,true,false],"unobstructed":[false,false,false,false,false,false,false,false,false,false,false,false,false,false,false,false,false,false,false,false,true,false,false,false,false,false,false,false,true,false,false,false,false,false,false,false,false,false,false,false,true,true,false,false,false,false,false,false],"height":1.5470652218506384},{"image_id":"9096013c3596463b9c0500520d12fef1","pose":[-0.252271,0.0117332,-0.967586,10.4569,0.967655,0.00495678,-0.252229,-2.68373,0.00183652,-0.999919,-0.0126046,1.55155,0,0,0,1],"included":true,"visible":[false,true,false,false,true,false,false,false,false,false,false,false,false,false,true,false,true,false,false,true,false,false,true,false,false,true,true,false,true,false,false,true,false,false,false,false,false,false,false,false,true,true,false,true,false,false,false,false],"unobstructed":[false,false,false,false,true,false,false,false,false,false,false,false,false,false,false,false,false,false,false,true,false,false,false,false,false,false,true,false,true,false,false,true,false,false,false,false,false,false,false,false,true,false,false,false,false,false,false,false],"height":1.5521391552808685},{"image_id":"d2600c4cac6445a7b7f0eef51a074043","pose":[0.997095,0.00521106,-0.0759927,-1.15378,0.0760296,-0.0073131,0.997079,-3.06739,0.00463996,-0.99996,-0.00768842,2.34749,0,0,0,1],"included":true,"visible":[false,false,false,false,false,false,false,false,false,false,false,false,false,false,false,true,false,false,false,false,false,false,false,false,false,false,false,false,false,true,false,false,false,false,true,false,false,false,false,false,false,false,true,false,false,false,false,false],"unobstructed":[false,false,false,false,false,false,false,false,false,false,false,false,false,false,false,false,false,false,false,false,false,false,false,false,false,false,false,false,false,false,false,false,false,false,true,false,false,false,false,false,false,false,true,false,false,false,false,false],"height":1.5531134730322689},{"image_id":"c9ac0c98d16a4105a3214989cac149c0","pose":[0.287755,0.000792506,-0.957704,3.27693,0.95748,0.0214203,0.287706,-3.69754,0.0207422,-0.999771,0.00540463,2.32625,0,0,0,1],"included":true,"visible":[false,false,false,false,true,false,false,false,true,false,false,false,false,true,true,false,true,false,false,true,true,false,false,false,false,true,true,false,true,false,false,false,false,false,false,false,false,false,false,false,false,false,false,true,false,false,false,false],"unobstructed":[false,false,false,false,false,false,false,false,true,false,false,false,false,true,false,false,false,false,false,false,false,false,false,false,false,true,false,false,false,false,false,false,false,false,false,false,false,false,false,false,false,false,false,true,false,false,false,false],"height":1.5629030363412018},{"image_id":"45b6596b2c8f4336b7293cfd6d910492","pose":[-0.920687,-0.00198923,-0.390298,4.35103,0.390224,0.0153615,-0.920592,0.902624,0.0078267,-0.99988,-0.0133673,2.39407,0,0,0,1],"included":true,"visible":[true,false,false,false,false,false,false,false,false,false,false,false,false,false,false,false,false,false,false,false,false,false,false,false,false,false,false,false,false,false,false,false,false,true,false,false,false,false,false,false,false,false,false,false,false,false,false,true],"unobstructed":[true,false,false,false,false,false,false,false,false,false,false,false,false,false,false,false,false,false,false,false,false,false,false,false,false,false,false,false,false,false,false,false,false,true,false,false,false,false,false,false,false,false,false,false,false,false,false,true],"height":1.6072140896952203},{"image_id":"c24e5838cd5a434e88b1209cb375bfeb","pose":[0.562658,0.00458307,-0.826677,3.35421,0.826664,-0.0111452,0.562587,-0.0655795,-0.00663527,-0.999928,-0.01006,2.34381,0,0,0,1],"included":true,"visible":[true,false,false,false,false,true,false,false,false,false,true,false,false,false,false,false,false,true,false,false,false,false,false,false,false,false,false,false,false,true,false,false,false,true,false,false,false,false,false,true,false,false,false,false,false,false,false,false],"unobstructed":[true,false,false,false,false,false,false,false,false,false,false,false,false,false,false,false,false,true,false,false,false,false,false,false,false,false,false,false,false,false,false,false,false,true,false,false,false,false,false,true,false,false,false,false,false,false,false,false],"height":1.562267016372369},{"image_id":"3da7e4f299e74a429ca5d336deb2a96f","pose":[0.867027,0.0099856,-0.498161,1.44062,0.497927,0.0192693,0.867005,-3.45314,0.0182566,-0.999765,0.0117345,2.31977,0,0,0,1],"included":true,"visible":[false,false,false,false,true,false,false,false,true,false,false,false,false,true,true,false,false,false,false,true,true,false,true,false,false,false,true,false,false,true,true,false,false,false,false,false,false,false,false,false,false,false,false,true,false,false,false,false],"unobstructed":[false,false,false,false,false,false,false,false,false,false,false,false,false,true,false,false,false,false,false,false,false,false,true,false,false,false,false,false,false,false,false,false,false,false,false,false,false,false,false,false,false,false,false,false,false,false,false,false],"height":1.5603127632856708},{"image_id":"6cba04f9e76f463094dd2a6ff64d1e9f","pose":[-0.992018,-0.00416035,0.126035,9.46854,-0.126062,0.0070242,-0.991998,-0.840233,0.00324162,-0.999967,-0.00749296,1.54811,0,0,0,1],"included":true,"visible":[false,true,false,false,true,false,false,true,false,false,false,false,false,false,true,false,true,false,false,false,true,false,true,false,false,false,false,false,false,false,false,false,false,false,false,false,false,false,false,false,false,false,false,true,false,false,false,false],"unobstructed":[false,true,false,true,true,false,false,true,false,false,false,false,false,false,true,false,true,false,false,false,true,false,false,false,false,false,false,false,false,false,false,true,false,false,false,false,false,false,false,false,false,false,false,false,false,false,false,false],"height":1.5598751829969701},{"image_id":"abbdc7ac89204f23a935fcb9ccae887c","pose":[0.984274,0.0233858,-0.175094,11.7313,0.175077,0.00280682,0.984551,2.836,0.0235158,-0.999723,-0.001332,1.55518,0,0,0,1],"included":true,"visible":[false,false,true,false,false,false,true,false,false,false,false,true,true,false,false,false,false,false,false,true,false,false,false,false,false,false,false,false,false,false,false,false,false,false,false,true,true,false,true,false,true,false,false,false,false,true,true,false],"unobstructed":[false,false,false,false,false,false,false,false,false,false,false,true,false,false,false,false,false,false,false,false,false,false,false,false,false,false,false,false,false,false,false,false,false,false,false,false,true,false,false,false,false,false,false,false,false,true,true,false],"height":1.5540811419973781},{"image_id":"800eb666021c4fd2a603dc9d89b8a50d","pose":[-0.946263,-0.0240796,0.322501,13.5014,-0.322165,-0.0168309,-0.946534,-3.83845,0.02822,-0.999569,0.00816849,1.5442,0,0,0,1],"included":true,"visible":[false,false,false,false,true,false,false,false,false,false,false,false,false,false,false,false,false,false,false,true,true,false,true,false,false,false,false,false,false,false,false,true,false,false,false,false,false,false,false,false,true,true,false,true,false,false,false,false],"unobstructed":[false,false,false,false,true,false,false,false,false,false,false,false,false,false,false,false,false,false,false,true,true,false,false,false,false,false,false,false,false,false,false,false,false,false,false,false,false,false,false,false,true,true,false,false,false,false,false,false],"height":1.5506592157692132},{"image_id":"4547d37b305e41bdad0de45ade6971ca","pose":[0.998242,-0.0060216,-0.0589755,-0.00329988,0.0589091,-0.0106535,0.998207,0.139453,-0.00663924,-0.999925,-0.0102804,2.33052,0,0,0,1],"included":true,"visible":[false,false,false,false,false,true,false,false,true,false,true,false,false,true,false,true,false,true,false,false,false,true,false,false,true,true,false,false,false,false,true,false,false,false,true,false,false,false,false,true,false,false,false,false,false,false,false,false],"unobstructed":[false,false,false,false,false,false,false,false,true,false,true,false,false,false,false,true,false,false,false,false,false,false,false,false,false,false,false,false,false,false,false,false,false,false,true,false,false,false,false,false,false,false,false,false,false,false,false,false],"height":1.5435986092527205},{"image_id":"cf7dde32a96d412791ca901207e4f3dd","pose":[-0.340156,-0.0155529,0.940241,-1.11344,-0.940362,0.00148249,-0.340175,2.14446,0.00389667,-0.999878,-0.01513,1.67333,0,0,0,1],"included":true,"visible":[false,false,false,false,false,false,false,false,true,false,true,false,false,true,false,true,false,false,false,false,false,true,false,false,false,true,false,false,false,false,false,false,false,false,true,false,false,false,false,false,false,false,true,false,false,false,false,false],"unobstructed":[false,false,false,false,false,false,false,false,true,false,true,false,false,false,false,true,false,false,false,false,false,false,false,false,false,false,false,false,false,false,false,false,false,false,true,false,false,false,false,false,false,false,false,false,false,false,false,false],"height":0.8774351697455467},{"image_id":"aec90a1137d245ed84d8c1b3e809a1d8","pose":[0.677669,0.0168163,-0.735176,6.35983,0.735358,-0.020747,0.677362,-0.627058,-0.00386205,-0.999644,-0.026426,1.54433,0,0,0,1],"included":true,"visible":[false,false,false,false,true,false,false,false,false,false,false,false,false,false,true,false,true,false,true,false,true,false,false,false,false,false,true,false,true,false,false,false,false,false,false,false,false,false,false,false,false,true,false,true,false,false,false,false],"unobstructed":[false,false,false,true,true,false,false,false,false,false,false,false,false,false,true,false,true,false,true,false,true,false,false,false,false,false,true,false,false,false,false,false,false,false,false,false,false,false,false,false,false,false,false,true,false,false,false,false],"height":1.5545937655720636},{"image_id":"08a2547dddbf4c2e9872d9da3c3e97d8","pose":[0.107763,-0.00476988,0.994165,13.3315,-0.99416,0.00530844,0.107788,5.67701,-0.00579174,-0.999975,-0.00417034,0.720539,0,0,0,1],"included":true,"visible":[false,false,false,false,false,false,false,false,false,true,false,true,false,false,false,false,false,false,false,false,false,false,false,false,false,false,false,false,false,false,false,false,false,false,false,false,false,true,false,false,false,false,false,false,true,false,false,false],"unobstructed":[false,false,false,false,false,false,false,false,false,true,false,true,false,false,false,false,false,false,false,false,false,false,false,false,false,false,false,false,false,false,false,false,false,false,false,false,false,true,false,false,false,false,false,false,true,false,false,false],"height":0.7354266077491516},{"image_id":"77e6cfabf32d46fc9398ce824843adaa","pose":[-0.615264,0.0120201,0.78823,2.76319,-0.788304,-0.00283896,-0.615279,0.497972,-0.0051581,-0.999924,0.0112218,2.3426,0,0,0,1],"included":true,"visible":[true,false,false,false,false,false,false,false,false,false,true,false,false,false,false,false,false,true,false,false,false,false,false,true,true,false,false,false,false,false,false,false,false,false,true,false,false,false,false,true,false,false,false,false,false,false,false,true],"unobstructed":[true,false,false,false,false,false,false,false,false,false,true,false,false,false,false,false,false,true,false,false,false,false,false,true,true,false,false,false,false,false,false,false,false,false,false,false,false,false,false,true,false,false,false,false,false,false,false,false],"height":1.562947706204436},{"image_id":"6ab11272308c46068c9ae583da8ff311","pose":[0.997968,-0.00132637,-0.0637161,-0.84055,0.0636949,-0.012327,0.997894,-1.32069,-0.00210914,-0.999923,-0.0122179,2.33974,0,0,0,1],"included":true,"visible":[false,false,false,false,false,false,false,false,false,false,true,false,false,false,false,true,false,true,false,false,false,true,false,false,false,false,false,false,false,true,true,false,false,true,false,false,false,false,false,false,false,false,true,false,false,false,false,false],"unobstructed":[false,false,false,false,false,false,false,false,false,false,true,false,false,false,false,true,false,true,false,false,false,true,false,false,false,false,false,false,false,true,true,false,false,false,false,false,false,false,false,false,false,false,true,false,false,false,false,false],"height":1.5507616634331378},{"image_id":"a89dbbd3a7d54fd9968d2239755c6f4e","pose":[-0.993087,-0.00756142,-0.117142,11.7041,0.117335,-0.034537,-0.992492,8.37037,0.00345876,-0.999375,0.0351851,1.52836,0,0,0,1],"included":true,"visible":[false,false,true,false,false,false,true,false,false,false,false,false,true,false,false,false,false,false,false,true,false,false,false,false,false,false,false,true,false,false,false,false,false,false,false,false,true,false,true,false,true,false,false,false,false,false,true,false],"unobstructed":[false,false,true,false,false,false,false,false,false,false,false,false,false,false,false,false,false,false,false,false,false,false,false,false,false,false,false,false,false,false,false,false,false,false,false,false,false,false,true,false,false,false,false,false,false,false,false,false],"height":1.5522823439005475},{"image_id":"97739a403b984dcd8253741a073b18dd","pose":[0.994892,0.0146739,-0.0998787,11.8559,0.0997359,0.0101514,0.994962,0.856896,0.0156138,-0.999841,0.00863569,1.55658,0,0,0,1],"included":true,"visible":[false,false,true,false,false,false,true,false,false,false,false,false,true,false,false,false,false,false,false,true,false,false,false,false,false,false,false,true,false,false,false,false,false,false,false,true,false,false,true,false,true,false,false,false,false,false,true,false],"unobstructed":[false,false,false,false,false,false,false,false,false,false,false,false,true,false,false,false,false,false,false,false,false,false,false,false,false,false,false,true,false,false,false,false,false,false,false,false,false,false,false,false,false,false,false,false,false,true,false,false],"height":1.5505021578082858},{"image_id":"5ce75bcca20d46a8adba099e08a36c8e","pose":[-0.109957,0.00747109,-0.993908,13.0417,0.99393,-0.00291037,-0.109981,4.86957,-0.00371446,-0.999968,-0.00710609,1.5441,0,0,0,1],"included":true,"visible":[false,false,false,false,false,false,false,false,false,true,false,true,false,false,false,false,false,false,false,false,false,false,false,false,false,false,false,false,false,false,false,false,true,false,false,false,false,false,false,false,false,false,false,false,true,false,true,false],"unobstructed":[false,false,false,false,false,false,false,false,false,true,false,true,false,false,false,false,false,false,false,false,false,false,false,false,false,false,false,false,false,false,false,false,true,false,false,false,false,false,false,false,false,false,false,false,true,false,true,false],"height":1.552227321849715},{"image_id":"6f8d55f24a85428894e82cb9f5f082d6","pose":[-0.999711,0.00493461,0.023553,11.6218,-0.0235516,0.000302176,-0.999723,6.66755,-0.0049405,-0.999988,-0.000186239,1.53873,0,0,0,1],"included":true,"visible":[false,false,true,false,false,false,true,false,false,false,false,false,true,false,false,false,false,false,false,true,false,false,false,false,false,false,false,true,false,false,false,false,false,false,false,true,true,false,false,false,true,false,false,false,false,false,true,false],"unobstructed":[false,false,true,false,false,false,true,false,false,false,false,false,false,false,false,false,false,false,false,false,false,false,false,false,false,false,false,false,false,false,false,false,false,false,false,true,false,false,false,false,false,false,false,false,false,false,false,false],"height":1.5459319303401955},{"image_id":"1eac2c379ebf4e059f4a35e584f82f9b","pose":[-0.104164,0.00745803,-0.994532,4.34222,0.994547,-0.00442044,-0.104199,-0.174646,-0.00517353,-0.999963,-0.00695728,2.33262,0,0,0,1],"included":true,"visible":[false,false,false,false,false,true,false,false,false,false,true,false,false,false,false,false,false,true,false,false,false,false,false,false,true,false,false,false,false,true,false,false,false,true,false,false,false,false,false,false,false,false,false,false,false,false,false,false],"unobstructed":[false,false,false,false,false,true,false,false,false,false,false,false,false,false,false,false,false,false,false,false,false,false,false,false,true,false,false,false,false,false,false,false,false,true,false,false,false,false,false,false,false,false,false,false,false,false,false,false],"height":1.5373055618973106},{"image_id":"39791f422b0244aa84b3d41d9b218f7e","pose":[0.999382,0.00894068,-0.0339983,11.7245,0.0336411,0.0374478,0.998732,-1.94641,0.0102024,-0.999259,0.0371235,1.56267,0,0,0,1],"included":true,"visible":[false,false,true,false,true,false,true,false,false,false,false,false,true,false,true,false,true,false,false,true,true,false,false,false,false,false,false,true,true,false,false,false,false,false,false,true,true,false,true,false,false,true,false,true,false,false,true,false],"unobstructed":[false,false,false,false,false,false,false,false,false,false,false,false,true,false,false,false,false,false,false,true,true,false,false,false,false,false,false,false,true,false,false,false,false,false,false,false,false,false,false,false,false,false,false,false,false,false,false,false],"height":1.5317623261206295},{"image_id":"6db8c50a618a4939be1614dc1c618621","pose":[-0.999588,0.00154283,0.0286587,13.5977,-0.0286631,-0.00301469,-0.999585,-4.0388,-0.00145593,-0.999995,0.0030573,0.725529,0,0,0,1],"included":true,"visible":[false,false,false,false,false,false,false,false,false,false,false,false,false,false,true,false,false,false,false,true,true,false,false,false,false,false,false,false,true,false,false,true,false,false,false,false,false,false,false,false,true,false,false,false,false,false,false,false],"unobstructed":[false,false,false,false,false,false,false,false,false,false,false,false,false,false,false,false,false,false,false,true,false,false,false,false,false,false,false,false,true,false,false,false,false,false,false,false,false,false,false,false,false,false,false,false,false,false,false,false],"height":0.7310977109361199},{"image_id":"07e7a24c5ff449229aa0c72216829072","pose":[0.997667,0.0128572,-0.0670517,-1.16763,0.0672718,-0.0175295,0.997581,-3.55363,0.0116505,-0.999764,-0.0183539,2.34272,0,0,0,1],"included":true,"visible":[false,false,false,false,false,false,false,false,false,false,false,false,false,false,false,true,false,false,false,false,false,true,false,false,false,false,false,false,false,false,true,false,false,false,true,false,false,false,false,false,false,false,false,false,false,false,false,false],"unobstructed":[false,false,false,false,false,false,false,false,false,false,false,false,false,false,false,false,false,false,false,false,false,true,false,false,false,false,false,false,false,false,false,false,false,false,true,false,false,false,false,false,false,false,false,false,false,false,false,false],"height":1.556239347928004},{"image_id":"7980b9f903164d48aaee2dbeb5615796","pose":[0.00526689,-0.0125254,-0.999908,4.74683,0.999796,0.0195912,0.00502078,-3.7002,0.0195263,-0.99973,0.0126257,2.33072,0,0,0,1],"included":true,"visible":[false,true,false,false,true,false,false,false,false,false,false,false,false,false,true,false,true,false,false,true,true,false,true,false,false,true,true,false,false,false,false,true,false,false,false,false,false,false,false,false,true,false,false,false,false,false,false,false],"unobstructed":[false,true,false,false,false,false,false,false,false,false,false,false,false,false,false,false,true,false,false,false,false,false,true,false,false,false,false,false,false,false,false,true,false,false,false,false,false,false,false,false,false,false,false,false,false,false,false,false],"height":1.55822431725042},{"image_id":"7fc9b77a67794c9385ee1a2ba579cc92","pose":[-0.632779,0.0165979,0.774155,13.706,-0.774332,-0.0148012,-0.632606,4.22761,0.000958298,-0.999753,0.0222178,0.744016,0,0,0,1],"included":true,"visible":[false,false,false,false,false,false,false,false,false,true,false,true,false,false,false,false,false,false,false,false,false,false,false,false,false,false,false,false,false,false,false,false,true,false,false,false,false,true,false,false,false,false,false,false,false,false,true,false],"unobstructed":[false,false,false,false,false,false,false,false,false,true,false,true,false,false,false,false,false,false,false,false,false,false,false,false,false,false,false,false,false,false,false,false,true,false,false,false,false,true,false,false,false,false,false,false,false,false,false,false],"height":0.747548732537359},{"image_id":"77f0b306ce7d4055a9c123a52019d6f0","pose":[-0.953824,0.00277944,-0.300356,14.1786,0.300343,-0.00420286,-0.953822,2.53095,-0.00391358,-0.999988,0.00317362,0.724151,0,0,0,1],"included":true,"visible":[false,false,false,false,false,false,false,false,false,false,false,false,true,false,false,false,false,false,false,false,false,false,false,false,false,false,false,true,false,false,false,false,false,false,false,false,false,false,false,false,false,false,false,false,false,false,false,false],"unobstructed":[false,false,false,false,false,false,false,false,false,false,false,false,true,false,false,false,false,false,false,false,false,false,false,false,false,false,false,true,false,false,false,false,false,false,false,false,true,false,false,false,false,false,false,false,false,false,false,false],"height":0.7126615177404374},{"image_id":"0565dcc2a0d54d72b97f26a1a14cebe5","pose":[0.999394,0.00634967,0.0342432,11.8267,-0.0341661,-0.0118924,0.999346,4.50634,0.0067526,-0.999909,-0.0116686,1.54837,0,0,0,1],"included":true,"visible":[false,false,true,false,false,false,true,false,false,true,false,true,true,false,false,false,false,false,false,true,false,false,false,false,false,false,false,true,false,false,false,false,false,false,false,true,true,true,true,false,true,false,false,false,true,false,false,false],"unobstructed":[false,false,false,false,false,false,true,false,false,false,false,true,false,false,false,false,false,false,false,false,false,false,false,false,false,false,false,true,false,false,false,false,false,false,false,false,false,true,false,false,false,false,false,false,false,false,false,false],"height":1.556890280684042},{"image_id":"755d110c2ed84d76be11ad56ae00b53f","pose":[-0.699906,0.0137888,-0.714102,2.7336,0.714196,0.00312218,-0.699939,2.71362,-0.00742191,-0.9999,-0.0120335,2.35417,0,0,0,1],"included":true,"visible":[true,false,false,false,false,false,false,false,false,false,false,false,false,false,false,false,false,true,false,false,false,false,false,false,false,false,false,false,false,false,false,false,false,true,false,false,false,false,false,false,false,false,false,false,false,false,false,false],"unobstructed":[true,false,false,false,false,false,false,false,false,false,false,false,false,false,false,false,false,false,false,false,false,false,false,true,false,false,false,false,false,false,false,false,false,false,false,false,false,false,false,false,false,false,false,false,false,false,false,false],"height":1.5474274238927928}]