[{"image_id":"ac32217f29704340bf467f51b7f15786","pose":[-0.929736,-0.020536,0.36765,-10.844,-0.367564,-0.00795652,-0.929964,3.55992,0.0220233,-0.999757,-0.000149419,1.26687,0,0,0,1],"included":true,"visible":[false,false,false,false,false,false,false,false,false,false,false,false,false,false,false,true,false,false,false,false,false,true,false,false,false,false,false,false,false,false,false,false,false,false,false,false,false,true,false,false,false,false,false,false,false,false,false,false,false,false,false,false,false,false,false,false,false,false,false,false,false,false,false,true,false,false,false,false,false,true,false,false,true,true,false,true,false,false,false,false,false],"unobstructed":[false,false,false,false,false,false,false,false,false,false,false,false,false,false,false,false,false,false,false,false,false,false,false,false,false,false,false,false,false,false,false,false,false,false,false,false,false,false,false,false,false,false,false,false,false,false,false,false,false,false,false,false,false,false,false,false,false,false,false,false,false,false,false,true,false,false,false,false,false,true,false,false,false,true,false,false,false,false,false,false,false],"height":1.2783145623761938},{"image_id":"5965958b0a55454d88d45f21d97bc3fc","pose":[0.996467,0.0307076,-0.0781555,-0.410929,0.0778486,0.0110773,0.996903,-2.31176,0.0314786,-0.999466,0.00864905,2.54974,0,0,0,1],"included":true,"visible":[false,false,true,false,false,false,false,false,false,false,false,true,false,false,false,false,true,false,false,false,false,false,true,false,false,false,true,false,false,false,false,false,true,false,false,false,false,false,false,false,false,false,true,false,false,false,false,false,false,true,true,false,false,false,false,false,false,true,false,false,false,false,false,false,true,false,false,false,false,false,false,false,false,false,false,false,false,false,false,false,false],"unobstructed":[false,false,false,false,false,false,false,false,false,false,false,true,false,false,false,false,false,false,false,false,false,false,false,false,false,false,true,false,false,false,false,false,false,false,false,false,false,false,false,false,false,false,false,false,false,false,false,false,false,true,false,false,false,false,false,false,false,true,false,false,false,false,false,false,false,false,false,false,false,false,false,false,false,false,false,false,false,false,false,false,false],"height":1.2701911784371884},{"image_id":"2b4c37304fd54440a3d1e7fd223e26d5","pose":[0.989306,0.0145924,-0.145115,-2.8592,0.145245,-0.00823788,0.989361,-1.71622,0.013242,-0.999859,-0.0102679,3.77527,0,0,0,1],"included":true,"visible":[false,true,false,false,false,false,false,false,true,false,false,false,false,true,false,false,true,false,false,false,false,false,false,false,false,true,true,false,false,false,false,false,false,false,true,false,false,false,false,false,false,false,true,false,false,true,false,false,false,true,false,false,false,false,true,false,false,false,false,false,false,false,false,false,true,false,false,false,false,false,false,false,false,false,false,false,false,false,false,false,false],"unobstructed":[false,false,false,false,false,false,false,false,false,false,false,false,false,true,false,false,false,false,false,false,false,false,false,false,false,false,true,false,false,false,false,false,false,false,false,false,false,false,false,false,false,false,true,false,false,true,false,false,false,false,false,false,false,false,false,false,false,false,false,false,false,false,false,false,true,false,false,false,false,false,false,false,false,false,false,false,false,false,false,false,false],"height":1.2623998923225477},{"image_id":"d89bee33427d45a5bd0cd5e1b4f8dd34","pose":[0.578097,-0.0000888852,0.815967,-5.35746,-0.815666,-0.0272044,0.577881,0.409373,0.0221469,-0.999629,-0.0157979,3.81319,0,0,0,1],"included":true,"visible":[false,false,true,false,true,false,false,false,false,false,true,false,false,true,false,true,false,false,false,false,false,false,false,false,false,true,false,true,false,false,true,false,false,false,true,false,false,true,false,true,false,false,false,false,false,true,false,false,false,false,false,false,false,false,false,false,false,false,false,false,true,false,false,true,true,false,false,false,false,false,false,false,false,false,false,false,false,true,false,false,true],"unobstructed":[false,false,false,false,false,false,false,false,false,false,false,false,false,false,false,false,false,false,false,false,false,false,false,false,false,true,false,false,false,false,false,false,false,false,true,false,false,false,false,false,false,false,false,false,false,false,false,false,false,false,false,false,false,false,false,false,false,false,false,false,false,false,false,false,true,false,false,false,false,false,false,false,false,false,false,false,false,false,false,false,false],"height":1.2818356172234981},{"image_id":"9f7f95239ff04f7581f1cf9a4b5a9eaf","pose":[0.139211,-0.0038143,0.990255,-9.39237,-0.989767,-0.0321245,0.139019,0.100482,0.0312816,-0.999476,-0.00824597,1.27285,0,0,0,1],"included":true,"visible":[false,false,false,false,false,false,true,false,false,false,false,true,true,false,false,true,false,false,false,false,false,false,false,true,false,false,false,false,false,true,true,false,false,false,false,false,false,true,false,false,false,false,false,false,false,false,false,false,false,false,false,false,false,true,false,false,false,true,false,false,false,false,false,true,false,false,false,true,false,false,false,false,false,false,false,false,false,true,false,true,false],"unobstructed":[false,false,false,false,false,false,true,false,false,false,false,false,true,false,false,true,false,false,false,false,false,false,false,true,false,false,false,false,false,false,false,false,false,false,false,false,false,false,false,false,false,false,false,false,false,false,true,false,false,false,false,false,false,false,false,false,false,false,false,false,false,false,false,true,false,false,false,false,false,false,false,false,false,false,false,false,false,true,false,false,false],"height":1.2776164638424925},{"image_id":"9d10a60eac3346f085b0df039ab14d17","pose":[0.0408132,-0.00820119,0.999133,-2.39486,-0.99853,-0.0360071,0.0404928,3.85763,0.0356441,-0.999317,-0.0096573,1.27934,0,0,0,1],"included":true,"visible":[false,false,false,false,false,false,false,false,false,false,false,false,false,false,false,false,false,false,false,false,false,false,true,false,false,false,false,false,false,false,false,true,false,false,false,false,false,false,false,false,false,false,false,false,true,false,false,false,false,false,false,false,false,false,false,false,false,false,true,false,false,true,false,false,false,false,false,false,false,false,false,false,false,false,false,false,false,false,false,false,false],"unobstructed":[false,false,false,false,false,false,false,false,false,false,false,false,false,false,false,false,false,false,false,false,false,false,false,false,false,false,false,false,false,false,false,false,false,false,false,false,false,false,false,false,false,false,false,false,false,false,false,false,false,false,false,false,false,false,false,false,false,false,false,false,false,true,false,false,false,false,false,false,false,false,false,false,false,false,false,false,false,false,false,false,false],"height":1.2830026644108368},{"image_id":"38a021bef7634782b42c0583f84c6b8e","pose":[0.947922,0.0358164,-0.316477,-12.6122,0.316535,0.00419629,0.948571,2.01932,0.0353028,-0.999349,-0.00735799,1.24977,0,0,0,1],"included":true,"visible":[false,false,false,false,true,false,false,false,false,false,false,false,false,false,false,false,false,false,false,false,false,true,false,false,false,false,false,true,false,false,false,false,false,false,false,true,false,true,false,false,false,false,false,false,false,false,true,false,false,false,false,false,false,false,false,false,true,false,false,false,false,false,false,false,false,false,false,false,false,false,false,false,false,true,false,true,false,false,false,false,false],"unobstructed":[false,false,false,false,true,false,false,false,false,false,false,false,false,false,false,false,false,false,false,false,false,false,false,false,false,false,false,false,false,false,false,false,false,false,false,false,false,false,false,false,false,false,false,false,false,false,true,false,false,false,false,false,false,false,false,false,false,false,false,false,false,false,false,true,false,false,false,false,false,false,false,false,false,true,false,false,false,false,false,false,false],"height":1.2716841360133053},{"image_id":"9b3beab962d040428acc300ff7a9326f","pose":[-0.686533,-0.0108004,-0.727017,-9.78393,0.726032,0.0439248,-0.686255,-4.35262,0.0393463,-0.998976,-0.0223131,1.27728,0,0,0,1],"included":true,"visible":[false,false,false,false,false,false,false,false,false,false,false,false,false,false,false,false,false,false,false,false,false,false,false,false,false,false,false,true,false,false,false,false,false,false,false,false,false,false,false,false,true,false,false,false,false,false,false,false,false,false,false,false,false,false,false,false,false,false,false,false,false,false,false,false,false,true,true,false,false,false,false,false,true,false,false,false,false,false,false,false,true],"unobstructed":[false,false,false,false,false,false,false,false,false,false,false,false,false,false,false,false,false,false,false,false,false,false,false,false,false,false,false,true,false,false,false,false,false,false,false,false,false,false,false,false,false,false,false,false,false,false,false,false,false,false,false,false,false,false,false,false,false,false,false,false,false,false,false,false,false,true,true,false,false,false,false,false,true,false,true,false,false,false,false,false,true],"height":1.2804281413752336},{"image_id":"949a6c58781d4e80bff19ca32493efcd","pose":[0.491539,0.0236281,-0.870534,-5.34982,0.870629,0.0093759,0.491848,-4.03716,0.0197839,-0.999676,-0.0159614,3.80526,0,0,0,1],"included":true,"visible":[false,false,true,false,false,false,false,false,false,false,false,false,false,true,false,false,true,false,true,false,false,false,false,false,false,false,false,false,true,false,false,false,false,false,false,false,true,false,false,true,false,false,false,false,false,true,false,false,true,false,false,false,false,false,false,false,false,false,false,false,true,false,false,false,true,false,false,false,false,false,true,false,false,false,false,false,false,false,false,false,false],"unobstructed":[false,false,false,false,false,false,false,false,false,false,false,false,false,true,false,false,true,false,true,false,false,false,false,false,false,false,false,false,false,false,false,false,false,false,false,false,false,false,false,true,false,false,false,false,false,false,false,false,true,false,false,false,false,false,false,false,false,false,false,false,true,false,false,false,false,false,false,false,false,false,true,false,false,false,false,false,false,false,false,false,false],"height":1.274052387621531},{"image_id":"267636f4842a422ba13275cb995ca9f5","pose":[0.437607,0.00142889,-0.899164,-0.171799,0.898683,0.0320325,0.437424,-0.0249471,0.0294279,-0.999485,0.0127349,1.22285,0,0,0,1],"included":true,"visible":[false,false,false,false,false,false,false,false,false,false,false,false,false,false,false,false,false,false,false,false,false,false,false,false,false,false,false,false,false,false,false,false,false,false,false,false,false,false,false,false,false,false,false,false,false,false,false,false,false,false,false,false,false,false,false,false,false,false,false,false,false,false,false,false,false,false,false,false,false,false,false,false,false,false,false,false,false,false,false,false,false],"unobstructed":[false,false,false,false,false,false,false,false,false,false,false,false,false,false,false,false,false,false,false,false,false,false,false,false,false,false,false,false,false,false,false,false,false,false,false,false,false,false,false,false,false,false,false,false,false,false,false,false,false,false,false,false,false,false,false,false,false,false,false,false,false,false,false,false,false,false,false,false,false,false,false,false,false,false,false,false,false,false,false,true,false],"height":1.2752153658791427},{"image_id":"5a098aafebe3461598467d485e026fef","pose":[-0.710944,-0.0166961,0.703049,-4.50179,-0.703157,0.00088137,-0.711033,-5.64204,0.0112522,-0.999859,-0.0123652,3.78843,0,0,0,1],"included":true,"visible":[false,false,false,false,false,false,false,false,false,false,false,false,false,true,false,false,true,false,true,false,false,false,false,false,false,true,false,false,false,false,false,false,false,false,true,false,false,false,false,true,false,true,true,false,false,true,false,false,false,false,false,false,false,false,false,false,false,false,false,false,true,false,false,false,false,false,false,false,false,false,false,false,false,false,false,false,false,false,false,false,false],"unobstructed":[false,false,false,false,false,false,false,false,false,false,false,false,false,false,false,false,false,false,true,false,false,false,false,false,false,false,false,false,false,false,false,false,false,false,false,false,false,false,false,true,false,false,false,false,false,false,false,false,false,false,false,false,false,false,false,false,false,false,false,false,false,false,false,false,false,false,false,false,false,false,false,false,false,false,false,false,false,false,false,false,false],"height":1.2724381828214284},{"image_id":"51328414aea04771890766f436b40021","pose":[0.617593,0.00144858,0.786496,-2.00575,-0.786047,-0.0326484,0.617302,-2.8942,0.0265724,-0.999465,-0.0190234,1.7302,0,0,0,1],"included":true,"visible":[false,true,false,false,false,false,false,false,false,false,false,false,false,false,false,true,false,false,false,false,false,false,true,false,false,false,false,false,false,true,false,false,true,false,false,true,false,true,false,false,false,false,false,false,false,false,false,false,false,false,true,true,false,true,false,false,true,true,false,true,false,false,false,false,false,false,false,true,false,false,false,false,false,false,false,false,false,false,false,false,false],"unobstructed":[false,true,false,false,false,false,false,false,false,false,false,false,false,false,false,false,false,false,false,false,false,false,false,false,false,false,false,false,false,false,false,false,false,false,false,false,false,false,false,false,false,false,false,false,false,false,false,false,false,false,true,false,false,false,false,false,false,true,false,false,false,false,false,false,false,false,false,false,false,false,false,false,false,false,false,false,false,false,false,false,false],"height":1.0931695089436764},{"image_id":"da041807b0184761af4e74df5006b95e","pose":[0.122898,-0.0135277,0.992327,-7.85379,-0.992215,-0.0219051,0.122586,0.158629,0.020079,-0.999668,-0.0161131,1.27097,0,0,0,1],"included":true,"visible":[false,false,false,false,true,false,false,false,false,false,false,true,false,false,false,true,false,false,false,false,false,false,false,true,false,false,false,true,false,true,true,false,true,false,false,false,false,false,false,false,false,false,false,false,false,false,false,false,false,false,true,true,false,true,false,false,true,false,false,true,false,false,false,true,false,false,false,true,false,false,false,false,false,false,false,false,false,true,false,true,true],"unobstructed":[false,false,false,false,true,false,false,false,false,false,false,false,false,false,false,false,false,false,false,false,false,false,false,true,false,false,false,false,false,false,true,false,false,false,false,false,false,false,false,false,false,false,false,false,false,false,false,false,false,false,false,true,false,false,false,false,false,false,false,false,false,false,false,false,false,false,false,false,false,false,false,false,false,false,false,false,false,true,false,false,false],"height":1.272996732808844},{"image_id":"0fa0a4dc5aea4285b225cda527388ecb","pose":[0.710008,0.0126777,-0.704078,-4.5278,0.704083,0.00483304,0.7101,-3.7139,0.0124057,-0.999907,-0.0054933,3.79903,0,0,0,1],"included":false,"visible":[false,false,true,false,false,false,true,false,true,false,true,false,false,false,false,false,true,false,true,false,false,false,false,false,false,true,true,false,true,false,false,false,false,false,true,false,true,false,true,true,false,true,true,false,false,true,false,false,true,false,false,false,false,false,false,false,false,false,false,false,true,false,false,false,true,false,false,false,false,false,false,false,false,false,false,false,false,false,false,false,false],"unobstructed":[false,false,true,false,false,false,false,false,true,false,false,false,false,false,false,false,true,false,true,false,false,false,false,false,false,false,false,false,false,false,false,false,false,false,false,false,false,false,true,false,false,false,false,false,false,true,false,false,false,false,false,false,false,false,false,false,false,false,false,false,true,false,false,false,false,false,false,false,false,false,false,false,false,false,false,false,false,false,false,false,false],"height":1.2707563419421812},{"image_id":"31e5d09d5fc546ae8407061cf99de20f","pose":[-0.194332,0.000236104,0.980935,-2.33623,-0.980932,0.00208006,-0.194332,2.67613,-0.00208592,-0.999997,-0.000171225,3.86936,0,0,0,1],"included":true,"visible":[false,false,false,false,false,false,false,false,false,false,false,false,false,false,false,false,false,false,false,false,false,false,false,false,false,false,false,false,false,false,false,false,false,true,false,false,false,false,false,false,false,false,false,true,false,false,false,false,false,false,false,false,false,false,false,true,false,false,false,false,false,false,true,false,false,false,false,false,false,false,false,false,false,false,false,false,false,false,false,false,false],"unobstructed":[false,false,false,false,false,false,false,false,false,false,false,false,false,false,false,false,false,false,false,false,false,false,false,false,false,false,false,false,false,false,false,false,false,true,false,false,false,false,false,false,false,false,false,true,false,false,false,false,false,false,false,false,false,false,false,false,false,false,false,false,false,false,false,false,false,false,false,false,false,false,false,false,false,false,false,false,false,false,false,false,false],"height":1.2735605742214156},{"image_id":"cbeb8dcdebb34b1daf46a8aa1983139e","pose":[-0.345081,-0.00135668,0.938571,-10.9402,-0.938361,-0.0206661,-0.345035,-2.21838,0.0198651,-0.999785,0.00585986,1.27815,0,0,0,1],"included":true,"visible":[true,false,false,false,true,false,false,false,false,false,false,true,true,false,false,false,false,false,false,false,false,false,true,true,false,false,false,true,false,false,false,false,true,false,false,true,false,true,false,false,false,false,false,false,false,false,false,false,false,false,true,false,false,false,false,false,true,true,false,true,false,false,false,true,false,false,true,false,false,false,false,false,false,false,false,false,false,true,false,false,false],"unobstructed":[false,false,false,false,true,false,false,false,false,false,false,false,false,false,false,false,false,false,false,false,false,false,false,true,false,false,false,true,false,false,false,false,false,false,false,true,false,true,false,false,false,false,false,false,false,false,false,false,false,false,false,false,false,false,false,false,false,false,false,false,false,false,false,false,false,false,false,false,false,false,false,false,false,false,false,false,false,true,false,false,false],"height":1.2728471830992403},{"image_id":"32c98b5cfe804dd185a8cb6ecb91a63f","pose":[0.988329,0.00432559,-0.152263,-4.52261,0.152317,-0.01816,0.988164,-3.27632,0.00150966,-0.999825,-0.0186055,3.80421,0,0,0,1],"included":true,"visible":[false,true,true,false,false,false,false,false,true,false,true,false,false,true,false,true,false,false,true,false,false,false,false,false,false,true,true,false,false,false,false,false,false,false,true,true,false,false,true,true,false,true,true,false,false,true,false,true,false,false,false,false,false,false,false,false,false,false,false,false,true,false,false,false,true,false,false,false,false,false,false,false,false,false,false,false,false,false,false,false,false],"unobstructed":[false,false,false,false,false,false,false,false,true,false,false,false,false,true,false,false,false,false,true,false,false,false,false,false,false,false,false,false,false,false,false,false,false,false,false,false,false,false,true,true,false,false,true,false,false,true,false,false,false,false,false,false,false,false,false,false,false,false,false,false,false,false,false,false,false,false,false,false,false,false,false,false,false,false,false,false,false,false,false,false,false],"height":1.2723919090004716},{"image_id":"0d93e79881144102ac1ea0bc29b00e37","pose":[0.0751554,0.00257596,0.997168,-6.41154,-0.996961,-0.02029,0.075192,3.63906,0.0204266,-0.99979,0.00104464,3.78175,0,0,0,1],"included":true,"visible":[false,false,false,false,false,false,false,false,false,false,false,false,false,false,false,false,false,false,false,false,false,false,false,false,false,true,false,false,false,false,false,false,false,false,true,false,false,false,false,false,false,true,false,true,false,false,false,false,false,false,false,false,true,false,false,false,false,false,false,false,false,false,true,false,false,false,false,false,false,false,false,false,false,false,false,false,true,false,true,false,false],"unobstructed":[false,false,false,false,false,false,false,false,false,false,false,false,false,false,false,false,false,false,false,false,false,false,false,false,false,false,false,false,false,false,false,false,false,false,false,false,false,false,false,false,false,true,false,false,false,false,false,false,false,false,false,false,true,false,true,false,false,false,false,false,false,false,false,false,false,false,false,false,false,false,false,false,false,false,false,false,true,false,true,false,false],"height":1.271295816874129},{"image_id":"f5cf1375de4d46b38328dda8ebcd6ce0","pose":[0.418449,0.00815835,-0.908203,-3.92658,0.907944,0.0217038,0.418526,-4.11428,0.0231263,-0.99973,0.00167603,3.78978,0,0,0,1],"included":true,"visible":[false,false,false,false,false,false,true,false,true,false,true,false,false,true,false,false,true,false,false,false,false,false,false,false,false,false,false,false,true,false,false,false,false,false,false,false,true,false,true,true,false,false,false,false,false,false,false,true,true,false,false,false,false,false,false,false,false,false,false,false,true,false,false,false,false,false,false,false,false,false,false,false,false,false,false,false,false,false,false,false,false],"unobstructed":[false,false,false,false,false,false,false,false,true,false,true,false,false,true,false,false,true,false,false,false,false,false,false,false,false,false,false,false,false,false,false,false,false,false,false,false,true,false,false,true,false,false,false,false,false,false,false,true,false,false,false,false,false,false,false,false,false,false,false,false,true,false,false,false,false,false,false,false,false,false,false,false,false,false,false,false,false,false,false,false,false],"height":1.2758709949517768},{"image_id":"3c0f16214b6042aba12ad974fc5dd6f6","pose":[0.870183,0.0319868,-0.491687,-6.31449,0.491882,0.0020135,0.870659,-3.61223,0.0288399,-0.999485,-0.0139802,1.27295,0,0,0,1],"included":true,"visible":[false,false,false,false,false,false,false,false,false,false,false,false,false,false,false,false,false,false,false,false,false,false,false,false,false,false,false,false,false,true,false,false,false,false,false,false,false,false,false,false,true,false,false,false,false,false,false,false,false,false,false,false,false,false,false,false,true,false,true,true,false,false,false,false,false,true,true,false,false,false,false,false,true,false,false,false,false,true,false,true,false],"unobstructed":[false,false,false,false,false,false,false,false,false,false,false,false,false,false,false,false,false,false,false,false,false,false,false,false,false,false,false,false,false,false,false,false,false,false,false,false,false,false,false,false,true,false,false,false,false,false,false,false,false,false,false,false,false,false,false,false,true,false,true,true,false,false,false,false,false,true,false,false,false,false,false,false,false,false,false,false,false,false,false,false,false],"height":1.277155883294133},{"image_id":"ae0a116c370141909e0ca2bfeeeb323c","pose":[-0.968802,-0.0290384,-0.246124,-2.76044,0.245726,0.0165777,-0.969197,-5.83505,0.0322244,-0.99944,-0.00892361,1.27765,0,0,0,1],"included":true,"visible":[false,false,false,false,false,false,false,false,false,false,false,false,false,false,false,false,false,false,false,false,false,false,true,false,false,false,false,false,false,true,false,true,true,false,false,false,false,false,false,false,false,false,false,false,false,false,false,false,false,false,false,true,false,false,false,false,false,false,true,false,false,false,false,false,false,false,false,true,false,false,false,false,false,false,false,true,false,false,false,false,false],"unobstructed":[false,false,false,false,false,false,false,false,false,false,false,false,false,false,false,false,false,false,false,false,false,false,true,false,false,false,false,false,false,false,false,true,true,false,false,false,false,false,false,false,false,false,false,false,false,false,false,false,false,false,false,false,false,false,false,false,false,false,false,false,false,false,false,false,false,false,false,false,false,false,false,false,false,false,false,false,false,false,false,false,false],"height":1.2772281625254396},{"image_id":"a885c9f037fe45cfbf053e98e4e3d205","pose":[-0.983264,-0.0340827,0.178961,-7.53511,-0.179237,0.0052117,-0.983791,2.59067,0.0325979,-0.999405,-0.011232,1.28381,0,0,0,1],"included":true,"visible":[true,false,false,false,false,false,false,false,false,false,false,false,false,false,false,false,false,false,false,false,true,false,false,false,false,false,false,false,false,false,false,false,false,false,false,false,false,false,false,false,false,false,false,false,false,false,false,false,false,false,true,false,false,false,false,false,false,false,false,false,false,false,false,false,false,false,false,false,true,false,false,false,false,true,false,true,false,false,false,false,false],"unobstructed":[false,false,false,false,false,false,false,false,false,false,false,false,false,false,false,false,false,false,false,false,false,false,false,false,false,false,false,false,false,false,false,false,false,false,false,false,false,false,false,false,false,false,false,false,false,false,false,false,false,false,false,false,false,false,false,false,false,false,false,false,false,false,false,false,false,false,false,false,true,false,false,false,false,true,false,true,false,false,false,false,false],"height":1.2817010307441155},{"image_id":"f5df82be55df4d13af8d03695bad0163","pose":[-0.371672,-0.0238506,-0.928057,-3.50322,0.927586,0.0313471,-0.372289,-2.93333,0.0379716,-0.999223,0.0104741,1.26549,0,0,0,1],"included":true,"visible":[false,true,false,false,false,true,false,false,false,false,false,true,false,false,false,true,false,false,false,false,true,false,false,false,false,false,false,false,false,true,false,true,true,false,false,true,false,true,false,false,false,false,false,false,true,false,false,false,false,false,true,true,false,true,false,false,true,true,true,true,false,true,false,false,false,false,false,true,false,false,false,false,false,false,false,false,false,false,false,false,false],"unobstructed":[false,false,false,false,false,false,false,false,false,false,false,false,false,false,false,false,false,false,false,false,true,false,false,false,false,false,false,false,false,false,false,true,true,false,false,false,false,false,false,false,false,false,false,false,false,false,false,false,false,false,false,false,false,false,false,false,true,false,true,false,false,false,false,false,false,false,false,true,false,false,false,false,false,false,false,false,false,false,false,false,false],"height":1.2798660172676193},{"image_id":"0907c60c53f7431aaedabbf388069a7f","pose":[0.717428,0.0158645,0.696451,-9.19479,-0.696243,-0.0170373,0.717602,-1.19178,0.0232504,-0.999728,-0.00117603,1.27037,0,0,0,1],"included":true,"visible":[false,false,false,false,true,false,true,false,false,false,false,true,true,false,false,true,false,false,false,false,false,false,false,false,false,false,false,true,false,false,false,false,false,false,false,false,false,true,false,false,false,false,false,false,false,false,false,false,false,false,false,true,false,false,false,false,false,true,false,false,false,false,false,false,false,false,true,false,false,false,false,false,false,false,false,false,false,true,false,false,true],"unobstructed":[false,false,false,false,true,false,false,false,false,false,false,false,true,false,false,true,false,false,false,false,false,false,false,false,false,false,false,false,false,false,true,false,false,false,false,false,false,true,false,false,false,false,false,false,false,false,false,false,false,false,false,false,false,false,false,false,false,false,false,true,false,false,false,true,false,false,false,false,false,false,false,false,false,false,false,false,false,true,false,false,true],"height":1.2757704683806073},{"image_id":"e850bf9ddf434263bdce31b4029c5a97","pose":[0.354414,0.0217348,-0.934835,-4.47969,0.934536,0.0260894,0.354908,2.93626,0.0321035,-0.999422,-0.0110641,1.2739,0,0,0,1],"included":true,"visible":[false,false,false,false,false,false,false,false,false,false,false,false,false,false,false,false,false,false,false,false,false,false,false,false,false,false,false,false,false,false,false,false,false,false,false,false,false,false,false,false,false,false,false,false,false,false,false,false,false,false,false,true,false,false,false,false,false,false,false,false,false,false,false,false,false,false,false,false,false,false,false,false,false,false,false,false,false,false,false,false,false],"unobstructed":[false,false,false,false,false,false,false,false,false,false,false,false,false,false,false,false,false,false,false,false,false,false,false,false,false,false,false,false,false,false,false,false,false,false,false,false,false,false,false,false,false,false,false,false,false,false,false,false,false,false,false,true,false,false,false,false,false,false,false,false,false,false,false,false,false,false,false,false,false,false,false,true,false,false,false,true,false,false,false,false,false],"height":1.2821501306618976},{"image_id":"e4753c26daf64c8492bb3fad5d959fb3","pose":[-0.923986,-0.0243584,-0.381646,-3.61762,0.38129,0.0180336,-0.924278,0.474681,0.0293967,-0.99954,-0.00737383,3.7894,0,0,0,1],"included":true,"visible":[false,false,true,true,false,false,false,false,false,false,true,false,false,true,false,false,true,false,false,false,false,false,false,false,false,false,false,false,false,false,false,false,false,false,true,false,false,false,false,true,false,false,true,false,false,true,false,false,false,false,false,false,false,false,true,false,false,false,false,false,true,false,false,true,true,false,false,false,false,false,false,false,false,false,false,false,false,false,false,false,true],"unobstructed":[false,false,false,true,false,false,false,false,false,false,false,false,false,false,false,false,false,false,false,false,false,false,false,false,false,false,false,false,false,false,false,false,false,false,true,false,false,false,false,false,false,false,true,false,false,false,false,false,false,false,false,false,false,false,false,false,false,false,false,false,false,false,false,false,true,false,false,false,false,false,false,false,false,false,false,false,false,false,false,false,false],"height":1.2679964386919957},{"image_id":"63333423642f49caac4871521e93cc45","pose":[0.989603,-0.000867237,-0.143814,-2.06907,0.143816,0.00220099,0.989601,-1.76084,-0.000541323,-0.999996,0.00230423,3.25653,0,0,0,1],"included":true,"visible":[false,true,true,false,false,false,false,false,true,false,false,false,false,true,false,false,true,false,false,false,false,false,false,false,false,false,false,false,false,false,false,false,false,false,false,false,false,false,false,false,false,false,true,false,false,true,false,false,false,true,false,false,false,false,false,false,false,false,false,false,false,false,false,false,true,false,false,false,false,false,false,false,false,false,false,false,false,false,false,false,false],"unobstructed":[false,true,true,false,false,false,false,false,false,false,false,false,false,false,false,false,false,false,false,false,false,false,false,false,false,false,false,false,false,false,false,false,false,false,false,false,false,false,false,false,false,false,true,false,false,true,false,false,false,true,false,false,false,false,false,false,false,false,false,false,false,false,false,false,true,false,false,false,false,false,false,false,false,false,false,false,false,false,false,false,false],"height":1.0969935836024112},{"image_id":"91afeb3c3c214d2da1205dd505bf976b","pose":[0.170335,0.00720754,0.98536,-11.968,-0.985039,-0.0252718,0.170464,-4.41537,0.0261308,-0.999654,0.00279643,1.25386,0,0,0,1],"included":true,"visible":[false,false,false,false,false,false,false,true,false,false,false,false,false,false,false,false,false,false,false,false,false,false,false,true,false,false,false,false,false,false,false,false,false,false,false,false,false,true,false,false,true,false,false,false,false,false,true,false,false,false,false,false,false,false,false,false,false,false,false,false,false,false,false,false,false,true,true,false,false,false,false,false,false,false,false,false,false,true,false,false,true],"unobstructed":[false,false,false,false,false,false,false,true,false,false,false,false,false,false,false,true,false,false,false,false,false,false,false,false,false,false,false,false,false,false,false,false,false,false,false,false,false,false,false,false,false,false,false,false,false,false,false,false,false,false,false,false,false,false,false,false,false,false,false,false,false,false,false,false,false,false,true,false,false,false,false,false,true,false,false,false,false,true,false,false,true],"height":1.274953382481771},{"image_id":"38478098d7cd42cb9623326d2696a65d","pose":[0.849017,0.0072644,0.528313,-8.40366,-0.528242,-0.00970932,0.849037,-4.97624,0.0112977,-0.999926,-0.00440463,3.80764,0,0,0,1],"included":true,"visible":[false,false,false,false,false,false,false,false,true,false,false,false,false,true,false,false,false,false,true,false,false,false,false,false,false,false,false,false,false,false,false,false,false,false,false,false,false,false,false,false,false,false,false,false,false,false,false,false,true,false,false,false,false,false,false,false,false,false,false,false,false,false,false,false,false,false,false,false,false,false,false,false,false,false,false,false,false,false,false,false,false],"unobstructed":[false,false,false,false,false,false,false,false,false,false,false,false,false,false,false,false,false,false,false,false,false,false,false,false,false,false,false,false,false,false,false,false,false,false,false,false,false,false,false,false,false,false,false,false,false,false,false,false,true,false,false,false,false,false,false,false,false,false,false,false,false,false,false,false,false,false,false,false,false,false,true,false,false,false,false,false,false,false,false,false,false],"height":0.7484672841496929},{"image_id":"61ff336a2ec442268785b388864ea348","pose":[-0.465719,-0.0141312,-0.884819,-3.42674,0.884522,0.0229513,-0.46593,-0.00696367,0.0268923,-0.999636,0.0018119,1.26248,0,0,0,1],"included":true,"visible":[false,false,false,false,true,false,false,false,false,false,false,false,true,false,false,false,false,false,false,true,true,false,true,false,false,false,false,false,false,false,true,true,true,false,false,false,false,false,false,false,false,false,false,false,true,false,false,false,false,false,true,true,false,true,false,false,true,false,true,false,false,true,false,true,false,true,false,true,false,false,false,false,false,false,false,false,false,true,false,true,false],"unobstructed":[false,false,false,false,false,false,false,false,false,false,false,false,false,false,false,false,false,false,false,false,false,false,false,false,false,false,false,false,false,false,false,false,false,false,false,false,false,false,false,false,false,false,false,false,false,false,false,false,false,false,false,true,false,true,false,false,true,false,true,false,false,false,false,false,false,false,false,true,false,false,false,false,false,false,false,false,false,false,false,true,false],"height":1.280053875917382},{"image_id":"c3a25551d0e74186ab736e502f621f9e","pose":[0.16734,-0.00128131,0.985898,-6.5525,-0.985722,-0.0191142,0.167286,0.19311,0.0186306,-0.999816,-0.00446019,1.279,0,0,0,1],"included":true,"visible":[false,false,false,false,true,false,false,false,false,false,false,false,true,false,false,false,false,false,false,false,false,false,false,false,false,false,false,true,false,true,false,false,false,false,false,false,false,false,false,false,false,false,false,false,false,false,false,false,false,false,false,true,false,true,false,false,false,false,true,true,false,false,false,true,false,false,false,true,false,false,false,false,false,false,false,false,false,true,false,true,true],"unobstructed":[false,false,false,false,false,false,false,false,false,false,false,false,true,false,false,false,false,false,false,false,false,false,false,true,false,false,false,false,false,false,false,false,false,false,false,false,false,false,false,false,false,false,false,false,false,false,false,false,false,false,false,true,false,false,false,false,false,false,true,false,false,false,false,false,false,false,false,true,false,false,false,false,false,false,false,false,false,true,false,false,false],"height":1.2776607495533898},{"image_id":"1316450be64b472c9f84f6f71a991757","pose":[-0.0210993,-0.00960687,-0.99973,-3.52177,0.999091,0.0368049,-0.0214392,-4.52004,0.0370013,-0.999275,0.00882301,1.28122,0,0,0,1],"included":true,"visible":[false,false,false,false,false,true,false,false,false,false,false,false,false,false,false,false,false,false,false,false,true,false,true,false,false,false,false,false,false,true,false,false,true,false,false,false,false,false,false,false,false,false,false,false,true,false,false,false,false,false,true,true,false,true,false,false,false,false,true,false,false,false,false,false,false,false,false,true,false,false,false,false,false,false,false,true,false,false,false,false,false],"unobstructed":[false,false,false,false,false,false,false,false,false,false,false,false,false,false,false,false,false,false,false,false,true,false,true,false,false,false,false,false,false,false,false,false,true,false,false,false,false,false,false,false,false,false,false,false,false,false,false,false,false,false,true,false,false,false,false,false,false,false,false,false,false,false,false,false,false,false,false,false,false,false,false,false,false,false,false,false,false,false,false,false,false],"height":1.2769585317016157},{"image_id":"444a5cc79a15455d96cfd41bc1f67e57","pose":[0.98682,0.0199443,-0.160581,-3.13193,0.160669,-0.00285763,0.987003,-2.87956,0.0192266,-0.999796,-0.00602301,1.25947,0,0,0,1],"included":true,"visible":[false,true,false,false,false,false,false,false,false,false,false,true,false,false,false,true,false,false,false,false,true,false,true,false,false,false,false,false,false,true,false,true,false,false,false,true,false,true,false,false,false,false,false,false,true,false,false,false,false,false,true,true,false,true,false,false,true,true,true,true,false,false,false,false,false,false,false,true,false,false,false,false,false,false,false,false,false,false,false,false,false],"unobstructed":[false,false,false,false,false,false,false,false,false,false,false,false,false,false,false,false,false,false,false,false,true,false,true,false,false,false,false,false,false,false,false,true,false,false,false,false,false,false,false,false,false,false,false,false,false,false,false,false,false,false,true,false,false,false,false,false,true,false,true,false,false,false,false,false,false,false,false,true,false,false,false,false,false,false,false,false,false,false,false,false,false],"height":1.2780757916208554},{"image_id":"fdea111fb87245c1bd4fb377b2619c5b","pose":[0.997669,0.0210017