[{"image_id":"e4c0a4ec08104bf5ada134b123fa53e7","pose":[-0.133089,0.0111501,-0.991041,1.16811,0.991028,0.0137789,-0.132932,-2.20571,0.0121736,-0.999843,-0.0128829,1.54855,0,0,0,1],"included":true,"visible":[false,false,true,false,true,false,true,true,false,true,false,false,true,false,true,false,false,false,false,false,false,true,false,true,true,true,true,true,false,false,true],"unobstructed":[false,false,false,false,false,false,false,false,false,false,false,false,false,false,true,false,false,false,false,false,false,true,false,false,true,false,false,false,false,false,false],"height":1.5280399019555968},{"image_id":"959ea6af304a4339bbc5d97f044d11c3","pose":[0.312992,0.0130519,-0.949666,2.47951,0.948724,0.0422726,0.313263,-2.23387,0.0442338,-0.999021,0.000849325,1.58243,0,0,0,1],"included":true,"visible":[false,false,true,true,false,false,false,false,false,true,false,true,true,false,true,true,false,false,false,false,false,false,true,true,true,true,true,false,true,false,true],"unobstructed":[false,false,false,false,false,false,false,false,false,false,false,true,false,false,false,false,false,false,false,false,false,false,false,false,false,false,true,false,true,false,false],"height":1.5361363756730164},{"image_id":"ffe0e6835287419c9cfe343e9d613d87","pose":[-0.802259,-0.00971694,-0.596896,5.96539,0.59688,0.00470064,-0.802316,-2.03323,0.0106021,-0.999941,0.00202973,1.57957,0,0,0,1],"included":true,"visible":[false,true,false,false,false,false,true,false,false,false,false,false,true,true,false,true,false,false,false,false,false,true,true,false,false,false,true,false,false,true,true],"unobstructed":[false,false,false,false,false,false,false,false,false,false,false,false,true,true,false,false,false,false,false,false,false,false,false,false,false,false,false,false,false,false,true],"height":1.518586128876891},{"image_id":"47a69295198f4265958b9b1d497c328d","pose":[-0.90497,-0.00981301,-0.42536,2.46799,0.425363,0.00186582,-0.90502,2.04203,0.00967489,-0.99995,0.0024866,1.55214,0,0,0,1],"included":true,"visible":[false,true,false,false,false,true,true,false,true,false,false,true,false,false,false,true,false,false,true,true,true,false,false,false,true,false,false,true,true,false,false],"unobstructed":[false,false,false,false,false,false,false,false,false,false,false,false,false,false,false,true,false,false,false,false,true,false,false,false,false,false,false,false,false,false,false],"height":1.5121750884423606},{"image_id":"3dfe07714b2f49d88bd4c8749e8bb0b7","pose":[-0.979561,-0.00709476,0.201019,-1.64821,-0.200975,-0.00640329,-0.979575,0.566531,0.0082373,-0.999954,0.00484756,1.56065,0,0,0,1],"included":true,"visible":[true,false,false,false,false,false,true,true,false,false,false,true,false,true,false,true,true,false,false,false,false,true,true,true,true,true,false,true,false,false,false],"unobstructed":[false,false,false,false,false,false,false,false,false,false,false,false,false,false,true,false,true,false,false,false,false,true,false,false,true,true,false,true,false,false,false],"height":1.5157095354765127},{"image_id":"87407bb6ed614926b91fc3e27eab766e","pose":[0.22909,0.0301697,-0.972937,4.56488,0.973286,0.00848048,0.229435,2.04904,0.0151732,-0.999508,-0.02742,1.5442,0,0,0,1],"included":true,"visible":[false,false,false,true,false,false,true,false,false,true,false,false,false,false,true,true,false,false,true,true,true,false,true,false,false,false,false,false,true,false,false],"unobstructed":[false,false,false,false,false,false,false,false,false,false,false,false,false,false,false,false,false,false,false,true,true,false,false,false,false,false,false,false,false,false,false],"height":1.5111934219678684},{"image_id":"530f8e4126b14082a5c4ff6c3f6ae7cd","pose":[-0.172634,-0.00379856,-0.984978,8.51758,0.984978,0.00322887,-0.172647,0.14365,0.00383645,-0.999987,0.0031851,1.4578,0,0,0,1],"included":true,"visible":[false,false,true,false,true,false,false,false,false,false,true,false,false,true,false,false,false,false,false,false,false,false,true,true,false,false,false,false,false,true,false],"unobstructed":[false,false,false,false,false,false,false,false,false,false,false,false,false,true,false,false,false,false,false,false,false,false,true,false,false,false,false,false,false,true,false],"height":1.5362285111230571},{"image_id":"96782d3925ec4088ab224cdc92a4fd6a","pose":[-0.216113,-0.00838211,-0.976332,1.24213,0.976316,0.00844697,-0.216182,2.38931,0.0100594,-0.999929,0.00635911,1.53856,0,0,0,1],"included":true,"visible":[true,false,false,false,true,true,true,false,true,false,false,false,false,true,false,false,true,false,true,true,false,true,true,true,false,false,false,true,false,false,false],"unobstructed":[false,false,false,false,false,false,false,false,false,false,false,false,false,false,false,false,true,false,false,false,false,true,false,false,false,false,false,true,false,false,false],"height":1.5135335729735602},{"image_id":"2dcc9c6ca2d44d5080a0a7e7b7fb9c4d","pose":[-0.951188,-0.00996649,-0.308449,-1.21085,0.308409,0.00538007,-0.951238,2.40322,0.0111403,-0.999936,-0.00204269,1.55952,0,0,0,1],"included":true,"visible":[false,false,false,false,false,false,false,true,false,true,false,false,false,false,true,false,true,true,true,false,false,true,false,false,false,true,false,true,false,false,false],"unobstructed":[false,false,false,false,false,false,false,false,false,false,false,false,false,false,false,false,true,false,false,false,false,false,false,false,false,true,false,true,false,false,false],"height":1.5317176811699114},{"image_id":"0d704acada9041c48621c5d01d775da0","pose":[0.884279,0.0143861,0.466735,-1.34535,-0.466608,-0.0113974,0.88439,-2.3821,0.0180428,-0.999831,-0.00336482,1.52522,0,0,0,1],"included":true,"visible":[true,false,false,false,false,false,false,false,true,false,false,false,false,false,true,false,true,true,false,false,false,true,false,false,true,true,false,false,false,false,false],"unobstructed":[false,false,false,false,false,false,false,false,false,false,false,false,false,false,true,false,false,false,false,false,false,false,false,false,true,true,false,false,false,false,false],"height":1.5405532836763522},{"image_id":"2cbd295d838b4c51b5590dcf2a37fba0","pose":[0.246342,0.0412581,-0.968304,4.76599,0.96868,0.0216735,0.247362,0.169153,0.0311925,-0.998913,-0.0346258,1.42661,0,0,0,1],"included":true,"visible":[false,false,false,false,false,false,true,false,false,false,false,false,false,true,false,false,false,false,false,false,false,true,true,true,false,false,false,false,true,true,false],"unobstructed":[false,false,false,false,false,false,false,false,false,false,false,false,true,true,false,false,false,false,false,false,false,true,false,true,false,false,false,false,true,true,false],"height":1.5180090338091925},{"image_id":"6fbd170d8df746b0b10e3801e2dad706","pose":[-0.872353,-0.0000202749,0.488874,3.49156,-0.488854,-0.00892582,-0.872319,0.121306,0.00438157,-0.99996,0.00777758,1.41535,0,0,0,1],"included":true,"visible":[false,true,false,false,true,false,false,false,false,false,false,false,false,false,false,true,false,true,false,false,false,true,false,false,false,true,false,false,true,false,false],"unobstructed":[false,true,false,false,false,false,false,false,false,false,false,false,false,false,false,true,false,false,false,false,false,false,false,false,false,false,false,false,true,false,false],"height":1.5371204380160495},{"image_id":"31d308fee8284a168c28e238cf814363","pose":[0.998122,0.0164352,-0.0590029,6.9369,0.0592246,-0.0133283,0.998155,-2.13031,0.0156188,-0.999776,-0.0142757,1.58199,0,0,0,1],"included":true,"visible":[false,true,true,false,false,false,false,false,false,false,true,false,false,true,false,true,false,false,true,false,false,true,true,true,false,false,true,false,false,true,true],"unobstructed":[false,false,true,false,false,false,false,false,false,false,true,false,false,true,false,false,false,false,false,false,false,false,false,true,false,false,false,false,false,false,false],"height":1.5115252320863801},{"image_id":"789faffd87b949fd9ed7e6df4fadc2f1","pose":[0.998352,0.0156401,-0.0551931,6.89589,0.0551612,0.00248225,0.998474,-1.07864,0.0157535,-0.999874,0.00161644,1.58253,0,0,0,1],"included":true,"visible":[false,false,true,false,true,false,true,false,false,false,true,false,true,false,false,true,false,false,true,false,false,true,true,true,false,false,false,false,false,true,false],"unobstructed":[false,false,true,false,false,false,true,false,false,false,true,false,true,false,false,false,false,false,false,false,false,false,true,true,false,false,false,false,false,true,false],"height":1.5156362905724483},{"image_id":"a26b0e83785f45d484e5f9b83fdb4df3","pose":[0.784717,-0.00024993,0.619854,-0.356288,-0.619842,-0.00640294,0.7847,-1.3696,0.00377304,-0.999979,-0.0051784,1.5663,0,0,0,1],"included":true,"visible":[true,false,true,false,true,false,false,false,false,true,false,false,true,false,false,true,true,true,false,false,false,true,false,false,true,true,false,true,false,false,false],"unobstructed":[true,false,false,false,true,false,false,false,false,true,false,false,false,false,false,true,true,true,false,false,false,true,false,false,true,true,false,false,false,false,false],"height":1.5217725369665362},{"image_id":"df0b69b34d04453691b72a6c16923756","pose":[0.00951654,-0.00498874,-0.999942,2.41189,0.999919,0.00833186,0.00947506,0.0914117,0.00828438,-0.999952,0.00506864,1.42153,0,0,0,1],"included":true,"visible":[false,true,false,true,true,false,false,false,false,false,true,true,false,true,true,false,true,true,false,false,false,true,false,false,false,true,false,false,true,false,false],"unobstructed":[false,false,false,true,false,false,false,false,false,false,false,true,false,false,true,false,true,false,false,false,false,true,false,false,false,false,false,false,true,false,false],"height":1.5270023190896223},{"image_id":"d7d0e431bbfa40429a561060150f24cb","pose":[0.999351,0.0057182,0.0355512,-0.337565,-0.0355828,0.00559738,0.999351,1.14528,0.00551577,-0.999968,0.00579823,1.55634,0,0,0,1],"included":true,"visible":[false,false,false,false,true,false,true,true,true,false,false,false,false,true,true,true,false,true,false,false,false,true,true,false,true,false,false,true,false,false,false],"unobstructed":[false,false,false,false,true,false,false,true,true,false,false,false,false,false,true,true,false,true,false,false,false,true,false,false,false,false,false,true,false,false,false],"height":1.5126864275679581},{"image_id":"8f17854feb134826ae42e16b303e7445","pose":[-0.04737,0.0249555,-0.998565,-0.00382618,0.998875,0.00294013,-0.0473109,-0.017549,0.00175551,-0.999684,-0.0250657,1.55087,0,0,0,1],"included":true,"visible":[false,false,false,false,false,false,false,false,true,true,false,true,false,true,true,true,true,false,false,false,false,true,false,false,true,false,false,true,false,false,false],"unobstructed":[false,false,false,false,false,false,false,false,false,false,false,false,false,false,true,false,true,false,false,false,false,true,false,false,false,false,false,true,false,false,false],"height":1.5136058544662168},{"image_id":"d0584db5d0ba41ee955f6c91195afcb3","pose":[-0.0387735,-0.000627238,0.999248,6.85886,-0.999187,-0.0109357,-0.0387783,2.09848,0.0109521,-0.99994,-0.000201698,1.56982,0,0,0,1],"included":true,"visible":[false,false,false,true,false,true,false,false,false,false,false,false,true,true,true,true,false,false,false,true,true,true,true,true,false,false,false,false,false,true,false],"unobstructed":[false,false,false,false,false,false,false,false,false,false,false,false,false,false,false,false,false,false,false,true,false,false,false,true,false,false,false,false,false,true,false],"height":1.5123722877852799},{"image_id":"87491cd48b094270a2a1aa682b8a770c","pose":[0.995378,0.0106665,0.0954335,5.60063,-0.0953334,-0.00948957,0.9954,2.17887,0.0115233,-0.999898,-0.00842783,1.55259,0,0,0,1],"included":true,"visible":[false,false,false,true,false,true,true,false,false,false,true,true,true,true,false,true,false,false,true,false,true,true,true,true,false,false,false,false,true,false,false],"unobstructed":[false,false,false,false,false,true,false,false,false,false,false,false,false,false,false,false,false,false,true,false,false,false,false,false,false,false,false,false,false,true,false],"height":1.5096271733017124},{"image_id":"8a65d3586fed4c5f9e0f28fc184b3ff2","pose":[0.999328,0.0243579,-0.0273564,3.25097,0.0277536,-0.016113,0.999485,2.12641,0.0239048,-0.999573,-0.0167772,1.55627,0,0,0,1],"included":true,"visible":[false,false,false,true,false,true,true,false,true,false,true,true,true,true,false,false,false,false,true,true,false,false,false,true,false,false,false,false,false,false,false],"unobstructed":[false,false,false,true,false,true,false,false,false,false,false,false,false,false,false,false,false,false,false,false,false,false,false,false,false,false,false,false,false,false,false],"height":1.5216447032258948},{"image_id":"eb464984cc4847d2a61eab27e3e31e51","pose":[0.317487,0.0187868,-0.948076,1.37215,0.94826,-0.0045702,0.317459,0.120026,0.0016314,-0.999813,-0.0192648,1.55431,0,0,0,1],"included":true,"visible":[true,false,false,false,true,false,false,true,true,true,false,true,false,true,true,true,true,true,false,false,false,false,false,false,true,true,false,false,false,false,false],"unobstructed":[true,false,false,false,true,false,false,true,false,false,true,false,false,false,true,true,true,true,false,false,false,false,false,false,true,true,false,false,false,false,false],"height":1.5187432392237161},{"image_id":"ce103547e620457f935a63050cea57b3","pose":[-0.926095,-0.0151941,-0.376983,7.37065,0.376978,0.00327303,-0.926216,0.160002,0.0153072,-0.999879,0.00269771,1.43016,0,0,0,1],"included":true,"visible":[false,false,true,false,true,false,true,false,false,false,true,false,true,true,false,false,false,false,true,false,false,false,false,true,false,true,false,false,false,true,false],"unobstructed":[false,false,false,false,false,false,true,false,false,false,false,false,false,true,false,false,false,false,false,false,false,false,false,true,false,false,false,false,false,true,false],"height":1.5228214121764414},{"image_id":"fa48c6f958304aa8a8f765a72fe7e8d5","pose":[-0.994837,-0.00721806,0.101218,6.07693,-0.101252,0.00455002,-0.99485,0.0491342,0.00672061,-0.999963,-0.00525636,1.42403,0,0,0,1],"included":true,"visible":[false,false,false,false,true,false,true,false,false,false,true,false,true,true,false,false,false,false,false,false,false,false,true,false,false,true,false,false,false,true,false],"unobstructed":[false,false,false,false,false,false,false,false,false,false,true,false,true,true,false,false,false,false,true,false,false,false,true,false,false,false,false,false,false,true,false],"height":1.520425902170783},{"image_id":"50be95bc6efb466c90867d52cf32ba3f","pose":[0.803639,0.00102907,-0.595115,-0.280264,0.595001,0.0182495,0.803517,-2.40583,0.0116877,-0.999833,0.0140547,1.54308,0,0,0,1],"included":true,"visible":[true,false,true,false,true,false,false,false,false,true,false,false,true,false,true,false,true,true,false,false,false,true,true,false,false,true,false,true,false,false,false],"unobstructed":[true,false,false,false,true,false,false,false,false,true,false,false,false,false,true,false,false,false,false,false,false,true,false,false,false,true,false,false,false,false,false],"height":1.5259856691595353},{"image_id":"91d1554c155e4185a8c69636d47fd58d","pose":[0.7634,0.00593063,0.645898,-1.49105,-0.645812,-0.0117048,0.763406,-0.563949,0.0120878,-0.999914,-0.00510434,1.56479,0,0,0,1],"included":true,"visible":[true,false,false,false,true,false,true,true,true,true,false,true,false,false,true,true,false,false,false,false,false,true,true,true,true,false,false,true,false,false,false],"unobstructed":[false,false,false,false,true,false,false,false,true,true,false,false,false,false,true,false,false,false,false,false,false,true,false,false,true,false,false,true,false,false,false],"height":1.5123581928141085},{"image_id":"5d4349e09ada47b0aa8b20a0d22c54ca","pose":[0.0797542,0.0285043,-0.996407,3.62156,0.996744,0.00951931,0.080054,-2.10242,0.0117672,-0.999548,-0.0276513,1.56537,0,0,0,1],"included":true,"visible":[false,true,true,false,false,false,false,false,false,true,true,true,true,false,false,false,false,false,false,false,false,false,false,true,false,false,false,false,true,false,true],"unobstructed":[false,true,false,false,false,false,false,false,false,false,false,false,false,false,false,false,false,false,false,false,false,false,false,false,false,false,false,false,true,false,true],"height":1.5223704869964667},{"image_id":"298e09e5e1144e7b9762747370ca68a5","pose":[0.31306,-0.00832259,-0.949696,0.0361493,0.949732,0.00181293,0.313056,2.42577,-0.000883427,-0.999963,0.0084728,1.55565,0,0,0,1],"included":true,"visible":[true,false,false,false,true,false,true,true,true,false,false,false,false,true,true,false,true,true,true,true,false,false,false,true,true,true,false,false,false,false,false],"unobstructed":[false,false,false,false,true,false,false,true,true,false,false,false,false,false,false,false,true,true,false,false,false,false,false,false,false,true,false,false,false,false,false],"height":1.5224640014863746},{"image_id":"f8e13e216dd6477ea05e694e2f1478d9","pose":[0.998766,0.0109404,-0.0484187,2.48582,0.0482994,0.0109393,0.998773,-1.19789,0.0114569,-0.99988,0.0103984,1.57265,0,0,0,1],"included":true,"visible":[false,true,false,true,true,false,true,false,true,true,true,true,false,false,false,true,true,true,false,false,false,false,true,true,true,false,true,false,false,false,true],"unobstructed":[false,true,false,false,false,false,false,false,false,false,true,true,false,false,false,true,false,false,false,false,false,false,false,false,false,false,true,false,false,false,false],"height":1.5206684141424807},{"image_id":"e5f7cab8517b47399eda8866f0e30ab3","pose":[-0.660778,-0.00608519,-0.750556,7.08848,0.750578,-0.00299603,-0.660773,1.44662,0.00177251,-0.999977,0.00654814,1.57334,0,0,0,1],"included":true,"visible":[false,false,false,false,false,true,true,false,false,false,true,false,true,true,false,false,false,false,true,true,false,false,true,true,false,true,false,false,true,false,false],"unobstructed":[false,false,false,false,false,false,true,false,false,false,true,false,false,true,false,false,false,false,true,true,false,false,true,true,false,false,false,false,false,false,false],"height":1.5050461478205863},{"image_id":"a924a5855b954d68b26ebe82ab61c71d","pose":[-0.120428,-0.000846936,-0.992721,4.79789,0.992705,0.00559062,-0.12043,-2.05172,0.0056522,-0.999984,0.000168504,1.57612,0,0,0,1],"included":true,"visible":[false,true,true,false,false,false,true,false,true,false,true,false,true,false,false,false,true,false,false,false,false,true,true,true,false,false,true,false,false,true,false],"unobstructed":[false,false,true,false,false,false,false,false,false,false,false,false,false,false,false,false,false,false,false,false,false,false,false,false,false,false,true,false,false,false,false],"height":1.5244946264278192}]