[{"image_id":"dfed00b301f246989ff408657e39e88b","pose":[0.894952,-0.0207046,0.445684,-2.46151,-0.445515,0.0124171,0.895189,7.62724,-0.0240687,-0.999709,0.00188811,1.25952,0,0,0,1],"included":true,"visible":[false,false,false,false,false,false,false,true,false,false,true,true,true,false,false,true,true,false,false,false,false,true,false,false,false,false,false,false,false,false,false,false,false,false],"unobstructed":[false,false,false,false,false,false,false,true,false,false,true,true,true,false,false,true,false,false,false,false,false,false,false,false,false,false,false,false,false,false,false,false,false,false],"height":1.2574198157492824},{"image_id":"e37d923ec8284523b5c9ebdb35800a3a","pose":[-0.589713,-0.0119696,0.807525,-1.97599,-0.80754,0.0222594,-0.589393,-2.37926,-0.0109204,-0.999681,-0.022793,0.690385,0,0,0,1],"included":true,"visible":[false,false,true,true,true,true,true,false,true,false,false,false,false,true,false,false,false,false,false,false,false,false,false,true,true,false,true,true,false,false,false,true,true,false],"unobstructed":[false,false,false,true,false,true,false,false,false,false,false,false,false,true,false,false,false,false,false,false,false,false,false,true,false,false,true,false,false,false,false,true,false,false],"height":1.240973054769517},{"image_id":"560d4bedd6714e57b4acfe27bbc4a01b","pose":[-0.977243,-0.00165475,-0.212119,-0.0711643,0.212078,-0.028916,-0.976825,2.94531,-0.00451739,-0.999581,0.0286085,1.26221,0,0,0,1],"included":true,"visible":[false,true,false,true,true,true,false,false,true,true,false,false,true,true,false,false,false,false,true,false,false,false,false,false,true,true,true,true,false,false,true,true,false,false],"unobstructed":[false,false,false,false,false,true,false,false,true,true,false,false,false,false,false,false,false,false,false,false,false,false,false,false,true,false,false,true,false,false,false,false,false,false],"height":1.2613789210030284},{"image_id":"312bca1ac80742faa1617cf158beaeb1","pose":[0.312174,-0.0208526,0.949797,-2.52197,-0.949897,0.00960923,0.312418,-4.66412,-0.0156417,-0.999737,-0.0168085,0.685205,0,0,0,1],"included":true,"visible":[false,true,true,false,false,true,true,false,false,true,false,false,false,false,true,false,false,false,false,true,false,false,false,true,true,true,false,true,false,true,false,true,true,false],"unobstructed":[false,true,false,false,false,false,false,false,false,false,false,false,false,false,true,false,false,false,true,false,false,false,false,false,false,false,false,false,false,true,true,true,false,false],"height":1.2426174829057284},{"image_id":"c8e422cf697348cabeac7d9bc4a84062","pose":[0.332666,-0.0162534,-0.942905,1.23423,0.942934,-0.0096225,0.332842,-1.94066,-0.0144831,-0.999822,0.0121245,0.695783,0,0,0,1],"included":true,"visible":[false,true,true,false,false,true,false,false,true,true,false,false,true,true,true,true,false,false,true,false,true,false,true,true,true,true,true,true,false,false,true,true,true,false],"unobstructed":[false,false,false,false,false,false,false,false,false,false,false,false,false,true,false,false,false,false,true,false,true,false,false,true,false,false,true,false,false,true,false,false,true,false],"height":1.2459243009091168},{"image_id":"d81df9c0b8fb4b3e8a2cd12c2007461e","pose":[-0.943048,-0.011951,-0.332443,-0.105636,0.332628,-0.0203502,-0.942839,2.11049,0.00450241,-0.999722,0.0231661,1.25942,0,0,0,1],"included":true,"visible":[false,true,true,false,true,false,true,false,true,true,false,false,true,true,false,true,false,false,true,false,false,false,true,true,true,true,true,true,false,false,true,true,false,false],"unobstructed":[false,true,true,false,false,false,true,false,false,false,false,false,false,true,false,false,false,false,false,false,false,false,false,false,true,false,false,true,false,false,false,false,false,false],"height":1.259680186683917},{"image_id":"b961fab0e5cb48979dba7f115725baba","pose":[-0.72184,-0.0146334,-0.691906,1.93977,0.692056,-0.0116192,-0.721751,4.69574,0.00252213,-0.999826,0.018514,1.26792,0,0,0,1],"included":true,"visible":[false,true,false,false,false,true,false,false,false,false,false,false,false,true,false,false,false,false,true,false,false,false,false,false,false,true,true,true,false,false,true,true,false,false],"unobstructed":[false,false,false,false,false,true,false,false,false,false,false,false,false,false,false,false,false,false,false,false,false,false,false,false,false,false,false,true,false,false,false,false,false,false],"height":1.2502711440667638},{"image_id":"fdf0fc24f7c549ccbb78e972c8024fa9","pose":[0.909305,0.00741201,-0.416064,0.00890844,0.416112,-0.00686709,0.909288,7.75754,0.00388236,-0.999949,-0.00932887,1.25305,0,0,0,1],"included":true,"visible":[true,false,false,false,false,false,false,false,false,false,true,true,true,false,false,false,false,true,false,false,false,true,false,false,false,false,false,false,true,false,false,false,false,true],"unobstructed":[true,false,false,false,false,false,false,false,false,false,true,true,true,false,false,false,false,true,false,false,false,true,false,false,false,false,false,false,false,false,false,false,false,false],"height":1.2487049450992638},{"image_id":"b8f49ffb1486488bbb72693578c17865","pose":[-0.998964,-0.00962844,0.0444879,-1.8508,-0.0443137,-0.0175915,-0.998863,3.61648,0.0104,-0.999799,0.0171463,1.26079,0,0,0,1],"included":true,"visible":[false,false,true,false,true,true,false,false,false,true,false,true,true,true,false,true,false,false,true,false,false,false,true,false,true,false,true,true,false,false,false,false,false,false],"unobstructed":[false,false,true,false,false,false,false,false,false,true,false,false,false,true,false,false,false,false,false,false,false,false,false,false,true,false,false,false,false,false,false,false,false,false],"height":1.2633617680188245},{"image_id":"cb070d66db084a79b553310df69ed31d","pose":[-0.977864,0.00832091,0.20908,-2.27665,-0.209234,-0.0284428,-0.977452,4.68783,-0.00218661,-0.999561,0.0295538,1.25989,0,0,0,1],"included":true,"visible":[false,false,true,false,false,true,false,false,true,false,false,true,true,true,true,true,false,false,true,false,false,false,true,false,true,false,true,false,false,false,false,false,false,false],"unobstructed":[false,false,true,false,false,false,false,false,true,false,false,false,false,false,false,false,false,false,false,false,false,false,true,false,false,false,false,false,false,false,false,false,false,false],"height":1.2580748740290566},{"image_id":"f6872e6001054c67a12371a542c7defe","pose":[0.0536408,-0.0235465,0.998283,-2.43097,-0.99847,-0.0147796,0.0533023,8.50381,0.013499,-0.999614,-0.0243036,1.25061,0,0,0,1],"included":true,"visible":[true,false,false,false,false,false,false,true,false,false,false,true,true,false,false,true,true,false,false,false,false,true,false,false,false,false,false,false,false,false,false,false,false,false],"unobstructed":[true,false,false,false,false,false,false,true,false,false,false,true,false,false,false,false,true,false,false,false,false,false,false,false,false,false,false,false,false,false,false,false,false,false],"height":1.2465964780421934},{"image_id":"0c5658ec8f51460fbf29d6aedcfb4bca","pose":[0.963476,-0.0168826,0.267262,-2.96338,-0.266981,0.0172023,0.963548,7.0529,-0.0208649,-0.99971,0.0120663,1.26308,0,0,0,1],"included":true,"visible":[true,false,false,false,false,false,false,true,true,true,true,false,true,false,false,true,true,false,false,false,false,true,true,false,false,false,false,false,false,false,false,false,false,false],"unobstructed":[true,false,false,false,false,false,false,true,false,false,true,false,true,false,false,false,false,false,false,false,false,false,false,false,false,false,false,false,false,false,false,false,false,false],"height":1.2617934647021496},{"image_id":"138252ad9fab4ae1a86997fc363e6ac7","pose":[0.996651,-0.0156732,-0.0802583,-3.11236,0.0804086,0.00921488,0.99672,6.45377,-0.0148824,-0.999835,0.0104439,1.26,0,0,0,1],"included":true,"visible":[true,false,false,false,false,true,false,true,true,true,true,true,false,true,false,true,true,false,true,false,false,true,true,false,true,false,false,false,false,false,false,false,false,false],"unobstructed":[true,false,false,false,false,false,false,true,false,false,false,true,false,false,false,true,false,false,false,false,false,false,false,false,false,false,false,false,false,false,false,false,false,false],"height":1.2614477951937262},{"image_id":"094836afff5e4fbfbb6659a96ec665b8","pose":[0.964654,-0.00795989,-0.2634,-0.000922046,0.263512,0.0216581,0.964413,0.00337562,-0.00197203,-0.999734,0.0229897,1.24819,0,0,0,1],"included":true,"visible":[false,true,true,false,true,true,true,false,true,true,false,false,true,false,false,true,false,false,true,false,false,false,true,true,true,true,true,true,false,false,true,true,false,false],"unobstructed":[false,true,false,false,true,true,false,false,true,false,false,false,false,false,false,false,false,false,false,false,false,false,false,true,true,false,false,true,false,false,false,false,false,false],"height":1.2526172310761738},{"image_id":"4739d48c61a04deab15db1eb2c906a96","pose":[0.193991,-0.0171755,-0.980853,-0.816552,0.980783,0.0246068,0.193546,-4.9622,0.0208112,-0.99955,0.0216185,0.679588,0,0,0,1],"included":true,"visible":[false,false,true,true,true,true,true,false,true,true,false,true,true,false,false,true,false,false,true,true,false,false,true,false,true,true,false,true,false,true,true,true,false,false],"unobstructed":[false,false,false,true,false,false,false,false,false,false,false,false,false,false,false,false,false,false,true,false,false,false,false,false,false,true,false,false,false,true,true,true,false,false],"height":1.2596737635557855},{"image_id":"87e7b6f2006541a9abe57fba18294a0c","pose":[-0.783324,-0.016461,-0.621396,-3.0819,0.621615,-0.0208826,-0.783045,6.16326,-0.0000868454,-0.999647,0.0265899,1.25902,0,0,0,1],"included":true,"visible":[true,false,false,false,false,true,false,false,true,true,true,true,true,true,false,false,true,false,true,false,false,false,true,false,true,false,false,false,false,false,false,false,false,false],"unobstructed":[true,false,false,false,false,false,false,false,false,false,false,false,true,false,false,false,false,false,false,false,false,false,true,false,false,false,false,false,false,false,false,false,false,false],"height":1.2599343835554653},{"image_id":"c32282e053ad450e9187d9d95361b124","pose":[0.0594054,-0.0138426,0.998138,-2.53141,-0.998234,-0.00190817,0.0593847,10.2372,0.00108244,-0.999903,-0.0139319,1.24275,0,0,0,1],"included":true,"visible":[true,false,false,false,false,false,false,false,false,false,true,true,true,false,false,true,false,false,false,false,false,false,true,false,false,false,false,false,false,false,false,false,false,false],"unobstructed":[false,false,false,false,false,false,false,false,false,false,true,false,false,false,false,false,false,false,false,false,false,false,false,false,false,false,false,false,false,false,false,false,false,false],"height":1.2459471379951932},{"image_id":"a8cb8984630b456a96923ef0d7c3aeb3","pose":[0.351449,0.0243773,0.93589,-0.0153321,-0.935855,-0.0182983,0.351913,8.89998,0.0257037,-0.999536,0.0163823,1.27666,0,0,0,1],"included":true,"visible":[false,false,false,false,false,false,false,true,false,false,false,false,false,false,false,false,false,false,false,false,false,true,false,false,false,false,false,false,true,false,false,false,false,true],"unobstructed":[false,false,false,false,false,false,false,true,false,false,false,false,false,false,false,false,false,false,false,false,false,true,false,false,false,false,false,false,false,false,false,false,false,true],"height":1.2550452676594444},{"image_id":"ff2dd63ad83245c3b4831b4f8a6911ac","pose":[0.998846,-0.00853272,0.047285,0.322808,-0.047168,0.01344,0.998797,-3.39025,-0.0091581,-0.999874,0.0130217,0.694594,0,0,0,1],"included":true,"visible":[false,false,true,true,true,true,true,false,true,true,false,true,true,true,true,true,false,false,false,false,true,false,true,true,true,true,true,true,false,false,true,false,false,false],"unobstructed":[false,false,false,true,true,false,false,false,false,false,false,false,false,false,true,false,false,false,false,false,false,false,false,false,false,false,true,false,false,false,true,false,true,false],"height":1.2549827051622604},{"image_id":"e775ea81e83c45719de5a1577f8f7e39","pose":[0.967623,-0.00934794,-0.252228,2.82818,0.252377,0.0221475,0.967376,-5.00859,-0.00345689,-0.999711,0.0237893,0.677925,0,0,0,1],"included":true,"visible":[false,false,true,true,true,true,false,false,true,true,false,false,true,true,true,true,false,false,false,false,true,false,true,false,true,true,false,false,false,true,false,false,true,false],"unobstructed":[false,false,false,false,false,false,false,false,false,false,false,false,false,false,false,false,false,false,false,false,false,false,false,false,false,true,false,false,false,false,false,false,true,false],"height":1.2544772562107187},{"image_id":"50e617dd6c4c4def9ea571ab3578f308","pose":[-0.300165,0.0205111,-0.953667,3.22939,0.953853,-0.00206313,-0.300268,-0.541289,-0.0081265,-0.999788,-0.0189456,0.672177,0,0,0,1],"included":true,"visible":[false,false,false,false,true,false,false,false,false,false,false,false,false,true,true,false,false,false,true,true,false,false,false,false,false,false,true,false,false,false,false,false,true,false],"unobstructed":[false,false,false,false,true,false,false,false,false,false,false,false,false,false,false,false,false,false,false,false,false,false,false,false,false,false,true,false,false,false,false,false,true,false],"height":1.2328507397565847},{"image_id":"63eb69df65c641e19af921ff458b6046","pose":[0.991257,-0.000218759,-0.131947,0.493009,0.131935,-0.0120189,0.991186,7.68006,-0.00180282,-0.999928,-0.0118853,1.24896,0,0,0,1],"included":true,"visible":[true,false,false,false,false,false,false,true,false,false,true,true,true,false,false,false,false,true,false,false,false,false,false,false,false,false,false,false,true,false,false,false,false,true],"unobstructed":[false,false,false,false,false,false,false,true,false,false,false,false,false,false,false,false,false,true,false,false,false,false,false,false,false,false,false,false,false,false,false,false,false,true],"height":1.2475721046793986},{"image_id":"8078fc4f547a4a9cb1a6bb036cc18dc9","pose":[-0.114576,0.00615355,-0.993396,-2.77681,0.993265,-0.0166685,-0.114664,5.56396,-0.0172641,-0.999842,-0.00420267,1.24986,0,0,0,1],"included":true,"visible":[false,false,false,false,false,true,false,false,true,true,false,true,true,true,false,true,false,false,true,false,false,false,false,false,true,false,false,false,false,false,false,false,false,false],"unobstructed":[false,false,false,false,false,false,false,false,false,true,false,false,false,false,false,true,false,false,false,false,false,false,false,false,false,false,false,false,false,false,false,false,false,false],"height":1.2512865181863293},{"image_id":"981311e64aec4d3f8e403f349363e065","pose":[0.847247,-0.0183189,-0.530884,0.0723733,0.53092,-0.0032238,0.847416,-1.30075,-0.0172354,-0.999827,0.00699417,0.704176,0,0,0,1],"included":true,"visible":[false,true,true,false,true,true,true,false,true,true,false,false,true,true,false,true,false,false,true,false,false,false,true,false,true,true,true,true,false,false,true,true,true,false],"unobstructed":[false,true,false,false,true,false,false,false,false,false,false,false,false,true,false,false,false,false,false,false,false,false,false,false,false,false,true,true,false,false,false,false,true,false],"height":1.2568391809600372},{"image_id":"4ac8e1065b0b46db9e459d79a1078e04","pose":[-0.640839,0.0218408,0.767365,-0.962216,-0.767675,-0.020208,-0.640522,2.8754,0.00151725,-0.999558,0.0297163,1.26183,0,0,0,1],"included":true,"visible":[false,true,true,true,true,true,false,false,true,true,false,false,true,true,false,true,false,false,true,false,false,false,true,false,false,false,true,true,false,false,true,false,false,false],"unobstructed":[false,false,true,false,false,true,false,false,true,false,false,false,false,true,false,false,false,false,false,false,false,false,false,false,false,false,false,false,false,false,false,false,false,false],"height":1.2639418549975774},{"image_id":"9b2b12257e9a4c5d9f99f141769e9301","pose":[0.98729,-0.0123897,0.158448,0.0965094,-0.158303,0.0119552,0.987319,-4.80181,-0.014127,-0.999852,0.00984156,0.677793,0,0,0,1],"included":true,"visible":[false,false,true,true,true,true,true,false,true,true,false,true,true,true,true,true,false,false,true,true,false,false,true,true,true,false,true,true,false,true,true,false,true,false],"unobstructed":[false,false,false,false,false,false,false,false,false,false,false,false,false,false,true,false,false,false,false,true,false,false,false,false,false,false,false,false,false,false,true,false,false,false],"height":1.251745413841814},{"image_id":"2596868500734b1496d479e6936cceb3","pose":[0.888937,-0.0176477,-0.45769,0.291121,0.457814,0.00353992,0.889041,-2.06553,-0.0140695,-0.999838,0.0112258,0.706623,0,0,0,1],"included":true,"visible":[false,true,true,false,true,true,true,false,true,true,false,false,true,true,false,true,false,false,true,false,true,false,true,true,true,true,false,true,false,false,true,true,true,false],"unobstructed":[false,true,false,false,true,false,false,false,false,false,false,false,false,false,false,false,false,false,true,false,true,false,false,true,false,false,false,false,false,false,false,true,false,false],"height":1.2553193865748646},{"image_id":"b0a4ed482e7b4f8eb499f3a999f65933","pose":[-0.848526,-0.0232996,-0.528642,1.46159,0.52901,-0.0139455,-0.848501,3.05605,0.0123974,-0.999632,0.0241584,1.26843,0,0,0,1],"included":true,"visible":[false,true,true,false,false,true,true,false,true,false,false,false,false,true,false,false,false,false,true,false,true,false,false,false,true,true,true,false,false,false,true,true,false,false],"unobstructed":[false,false,true,false,false,true,true,false,false,false,false,false,false,true,false,false,false,false,false,false,false,false,false,true,false,false,false,false,false,false,false,false,false,false],"height":1.2609941282189379},{"image_id":"97db9c9bd9824a3ca623db620331ea66","pose":[-0.929713,0.018777,0.367808,0.0255591,-0.367902,-0.00175584,-0.929863,10.8131,-0.0168144,-0.999822,0.00854017,1.2626,0,0,0,1],"included":true,"visible":[false,false,false,false,false,false,false,true,false,false,false,false,false,false,false,false,false,true,false,false,false,true,false,false,false,false,false,false,false,false,false,false,false,true],"unobstructed":[false,false,false,false,false,false,false,false,false,false,false,false,false,false,false,false,false,false,false,false,false,false,false,false,false,false,false,false,false,false,false,false,false,true],"height":1.2659524368560175},{"image_id":"f1f56adaf5034a25929562d6c3213a8c","pose":[0.825713,-0.0302824,-0.563279,-1.5378,0.563854,0.0153007,0.825733,-5.11416,-0.0163868,-0.999425,0.0297084,0.682356,0,0,0,1],"included":true,"visible":[false,false,true,true,true,true,true,false,true,true,false,true,false,false,true,false,false,false,false,true,true,false,true,false,true,true,false,true,false,false,true,true,false,false],"unobstructed":[false,false,false,true,true,false,false,false,false,false,false,false,false,false,true,false,false,false,false,false,false,false,false,false,false,false,false,false,false,false,false,true,false,false],"height":1.260110021251859},{"image_id":"7e094a308dec4987a5185a0426f4ec3c","pose":[0.993231,-0.0084319,0.115849,0.146963,-0.115685,0.0178686,0.993125,-4.26187,-0.0104441,-0.999805,0.0167718,0.681901,0,0,0,1],"included":true,"visible":[false,true,true,true,true,true,true,false,true,true,false,true,true,true,true,true,false,false,true,false,false,false,true,true,true,true,true,true,false,true,false,false,false,false],"unobstructed":[false,false,false,true,false,false,false,false,false,false,false,false,false,false,true,false,false,false,true,false,false,false,false,false,false,true,false,false,false,false,false,false,false,false],"height":1.2503792812204662},{"image_id":"c460d0f6ea8a4458a576efb07d043b39","pose":[-0.0100665,-0.0185998,0.999777,-2.6559,-0.999919,0.0080293,-0.00991839,-2.91143,-0.00784316,-0.999795,-0.0186794,0.694102,0,0,0,1],"included":true,"visible":[false,true,true,true,true,true,true,false,true,true,false,false,false,true,true,false,false,false,false,false,false,false,false,true,false,false,true,true,false,true,false,false,true,false],"unobstructed":[false,true,false,true,false,false,false,false,false,false,false,false,false,false,true,false,false,false,false,false,false,false,false,false,false,false,true,false,false,true,false,false,false,false],"height":1.2467171179086285},{"image_id":"be733bc20f4c4f74992d21e2741f3a17","pose":[0.996567,-0.00580693,-0.0825867,3.06603,0.0825174,-0.0112836,0.996526,-1.87107,-0.00671876,-0.99992,-0.010766,0.687863,0,0,0,1],"included":true,"visible":[false,true,true,false,true,false,false,false,false,true,false,false,false,false,false,false,false,false,true,true,true,false,false,true,false,false,true,false,false,false,false,true,false,false],"unobstructed":[false,false,false,false,true,false,false,false,false,false,false,false,false,false,false,false,false,false,true,true,true,false,false,true,false,false,false,false,false,false,false,false,false,false],"height":1.2517487620409038},{"image_id":"3fd2f1d849de4e9f8c07863c845db6b5","pose":[-0.876161,0.0123836,0.481861,0.00165134,-0.482015,-0.018302,-0.875972,9.94824,-0.00202879,-0.999756,0.0220042,1.26676,0,0,0,1],"included":true,"visible":[false,false,false,false,false,false,false,true,false,false,false,false,false,false,false,false,false,true,false,false,false,true,false,false,false,false,false,false,true,false,false,false,false,false],"unobstructed":[false,false,false,false,false,false,false,false,false,false,false,false,false,false,false,false,false,true,false,false,false,true,false,false,false,false,false,false,true,false,false,false,false,false],"height":1.258770950284268}]