[{"image_id":"d260eaeca5694719868f318ab468be27","pose":[-0.160672,-0.00563093,-0.986991,-11.1641,0.98697,0.00770207,-0.160712,4.95421,0.00850699,-0.999954,0.00432074,1.5338,0,0,0,1],"included":true,"visible":[false,false,false,true,false,true,false,false,false,false,false,false,false,false,false,true,false,false,true,false,false,false,true,false,true,false,false,false,true,false,false,false,false,false,false,false,false,false,true,false,false,false,true,false,false,false,true,false,false,false,true,false,false,false,true,true,false,false,true,false,false,false,false,false,false,false,true,false,false,false,true,false,true,false,true,true,true,true,true,false,false,true,true,false,false,false,true,false,false,false,false,false,false,true,true,false],"unobstructed":[false,false,false,false,false,true,false,false,false,false,false,true,false,false,false,false,false,false,false,false,false,false,true,false,false,false,false,false,false,false,false,false,false,false,false,false,false,false,false,false,false,false,false,false,false,false,false,false,false,false,false,false,false,false,false,false,false,true,false,false,false,false,false,false,false,false,false,false,false,false,false,false,false,false,false,false,false,false,false,false,false,false,false,false,false,false,true,false,false,false,false,false,false,false,false,false],"height":1.5669745266291166},{"image_id":"daa0aa844488426a9174a7051698a417","pose":[-0.795887,-0.0027596,-0.605439,-4.29905,0.605336,0.0152796,-0.795822,6.27979,0.0114472,-0.999879,-0.0104897,1.54099,0,0,0,1],"included":true,"visible":[true,false,false,false,false,true,true,false,false,false,false,true,false,false,false,false,false,false,false,false,false,false,true,false,false,false,false,false,true,false,true,false,false,false,false,false,false,true,false,false,true,true,false,true,true,false,false,true,false,false,true,false,false,false,true,false,false,false,false,false,false,false,false,false,false,false,true,false,false,false,true,false,true,false,true,false,true,true,false,false,false,false,false,true,false,false,true,false,true,true,false,false,false,false,true,false],"unobstructed":[false,false,false,false,false,false,false,false,false,false,false,true,false,false,false,false,false,false,false,false,false,false,false,false,false,false,false,false,false,false,false,false,false,false,false,false,false,true,false,false,false,false,false,false,false,false,false,true,false,false,false,false,false,false,false,false,false,false,false,false,false,false,false,false,false,false,false,false,false,false,true,false,false,false,false,false,false,true,false,false,false,false,false,false,false,false,false,false,true,false,false,false,false,false,false,false],"height":1.5532927226757565},{"image_id":"392d1a243eca4e3299abf9271a7d17fd","pose":[-0.89843,0.00228162,0.439109,1.27803,-0.439111,-0.000252281,-0.898433,-4.0539,-0.00193895,-0.999997,0.00122922,1.53401,0,0,0,1],"included":false,"visible":[false,false,false,true,false,false,false,true,false,false,false,false,false,false,false,false,false,false,true,false,false,false,false,false,false,false,false,false,false,false,false,false,false,false,false,false,false,false,false,false,true,false,false,false,false,false,false,true,false,false,false,false,false,false,false,false,false,false,true,false,false,false,false,false,false,false,true,false,false,false,true,false,false,false,false,false,false,true,false,false,false,false,false,true,false,false,false,false,false,false,false,true,false,false,false,false],"unobstructed":[false,false,false,false,false,false,false,false,false,false,false,false,false,false,false,false,false,false,false,false,false,false,false,false,false,false,false,false,false,false,false,false,false,false,false,false,false,false,false,false,true,false,false,false,false,false,false,false,false,false,false,false,false,false,false,false,false,false,false,false,false,false,false,false,false,false,false,false,false,false,false,false,false,false,false,false,false,false,false,false,false,false,false,false,false,false,false,false,false,false,false,true,false,false,false,false],"height":1.5514526130003499},{"image_id":"ce911e4041d24673bc7e5d80dd645630","pose":[0.512759,-0.00134034,0.858531,-6.63441,-0.858522,0.00398704,0.51276,-0.760148,-0.00411012,-0.999991,0.000894356,1.49059,0,0,0,1],"included":true,"visible":[false,false,false,false,false,false,true,false,false,false,false,true,false,false,false,true,false,false,true,false,true,false,true,false,true,false,false,false,true,true,true,false,false,false,false,false,false,false,true,false,true,true,true,true,true,false,true,false,false,false,true,false,false,false,false,true,false,true,true,false,false,false,true,false,false,false,false,true,false,false,false,false,false,false,true,true,true,false,true,false,false,true,true,true,true,false,false,false,true,true,false,false,false,true,false,false],"unobstructed":[false,false,false,false,false,false,false,false,false,false,false,false,false,false,false,false,false,false,false,false,false,false,true,false,false,false,false,false,false,false,false,false,false,false,false,false,false,false,true,false,false,false,false,true,true,false,true,false,false,false,false,false,false,false,false,false,false,false,false,false,false,false,false,false,false,false,false,false,false,false,false,false,false,false,true,false,false,false,false,false,false,false,false,false,false,false,false,false,false,false,false,false,false,false,false,false],"height":1.533671510381888},{"image_id":"03d493822ac64466ba416f084a9d3bb9","pose":[-0.636715,0.0125094,-0.770998,7.84512,0.770899,-0.0124023,-0.636835,-44.3265,-0.0175284,-0.999844,-0.0017461,1.68374,0,0,0,1],"included":true,"visible":[false,false,false,false,false,false,false,false,false,false,false,false,false,false,true,false,false,false,false,true,false,false,false,false,false,true,false,false,false,false,false,false,true,false,false,false,false,false,false,false,false,false,false,false,false,false,false,false,false,false,false,false,false,false,false,false,false,false,false,false,false,true,false,false,false,false,false,false,true,false,false,false,false,false,false,false,false,false,false,true,false,false,false,false,false,false,false,false,false,false,true,false,false,false,false,true],"unobstructed":[false,false,false,false,false,false,false,false,false,false,false,false,false,false,true,false,false,false,false,true,false,false,false,false,false,true,false,false,false,false,false,false,false,false,false,false,false,false,false,false,false,false,false,false,false,false,false,false,false,false,false,false,false,true,false,false,false,false,false,false,false,false,false,false,false,true,false,false,false,false,false,false,false,false,false,false,false,false,false,false,false,false,false,false,false,false,false,false,false,false,false,false,false,false,false,true],"height":1.5552400945929818},{"image_id":"87870f8cba81492b8ef631196a2f6560","pose":[0.991682,0.0015794,-0.128696,-12.1009,0.128687,0.00502094,0.991672,0.716323,0.00221258,-0.999986,0.00477661,1.52464,0,0,0,1],"included":true,"visible":[false,true,false,false,false,false,false,false,false,false,false,false,false,false,false,false,false,false,true,false,false,false,true,false,false,false,false,false,true,true,false,false,false,true,false,false,false,false,true,false,true,true,false,false,true,false,true,true,false,false,true,false,false,false,true,true,false,true,true,false,false,false,false,false,false,false,false,true,false,false,true,false,true,false,false,true,false,false,false,false,false,false,false,true,false,false,true,false,true,false,false,false,false,false,true,false],"unobstructed":[true,false,false,false,false,false,false,false,false,false,false,false,false,false,false,false,false,false,true,false,false,false,false,false,false,false,false,false,false,false,false,false,false,false,false,false,false,false,false,false,false,false,false,false,true,false,false,false,false,false,false,false,false,false,false,false,false,true,true,false,false,false,false,false,false,false,false,false,false,false,false,false,false,false,false,false,false,false,false,false,false,false,false,false,false,false,true,false,false,false,false,false,false,false,false,false],"height":1.5579461290437024},{"image_id":"1f94c10d119b4e8d9789a1bc836b948e","pose":[0.352097,0.00390555,-0.935955,-0.681458,0.935955,0.00275969,0.352109,-2.57649,0.00395827,-0.999988,-0.00268306,1.51243,0,0,0,1],"included":false,"visible":[false,true,false,true,false,false,false,true,false,false,false,false,false,false,false,false,false,false,true,false,true,false,false,false,false,false,false,false,false,true,false,false,false,false,false,false,false,false,false,false,true,true,false,true,true,false,true,false,false,false,false,false,false,false,true,false,false,false,false,false,false,false,true,false,false,false,true,true,false,false,true,false,false,false,true,false,true,true,false,false,false,false,false,true,false,false,false,false,true,true,false,false,false,false,false,false],"unobstructed":[false,false,false,false,false,false,false,false,false,false,false,false,false,false,false,false,false,false,false,false,false,false,false,false,false,false,false,false,false,false,false,false,false,false,false,false,false,false,false,false,true,true,false,true,false,false,false,false,false,false,false,false,false,false,false,false,false,false,false,false,false,false,false,false,false,false,false,false,false,false,false,false,false,false,true,false,true,false,false,false,false,false,false,true,false,false,false,false,false,true,false,false,false,false,false,false],"height":1.5492378666516133},{"image_id":"4534a8c9651e4ce891970e43e2724dfe","pose":[0.960087,-0.00844802,0.279573,-20.3105,-0.279503,0.00860649,0.960106,-4.31146,-0.010517,-0.999927,0.00590242,1.56927,0,0,0,1],"included":true,"visible":[false,false,false,true,false,false,true,false,false,false,false,false,false,false,false,false,false,false,true,false,true,false,false,false,false,false,false,false,false,false,true,false,false,false,false,false,false,false,false,true,true,true,false,true,true,false,true,false,false,true,false,false,false,false,true,false,false,false,true,false,true,false,true,true,false,false,false,false,false,false,false,false,false,true,true,false,true,false,false,false,true,false,false,true,false,false,false,false,false,false,false,false,false,false,false,false],"unobstructed":[false,false,false,false,false,false,false,false,false,false,false,false,false,false,false,false,false,false,false,false,false,false,false,false,false,false,false,false,false,false,true,false,false,false,false,false,false,false,false,false,false,false,false,false,false,false,false,false,false,true,false,false,false,false,false,false,false,false,false,false,false,false,true,false,false,false,false,false,false,false,false,false,false,false,false,false,false,false,false,false,true,false,false,false,false,false,false,true,false,false,false,false,false,false,false,false],"height":1.5530691245333696},{"image_id":"cb5f8c9a4a84477f99637276f00cfb2b","pose":[0.48758,-0.00251806,0.873074,-16.3351,-0.873075,-0.00406886,0.487568,-10.1371,0.00232484,-0.999988,-0.00418167,1.55471,0,0,0,1],"included":true,"visible":[false,false,false,true,false,true,true,false,false,false,false,false,false,false,false,false,false,false,false,false,false,false,false,false,false,false,false,false,false,false,false,false,false,false,false,false,false,false,false,true,false,false,false,false,true,false,false,false,false,true,false,false,false,false,false,false,false,false,false,true,true,false,true,true,false,false,true,false,false,false,false,false,false,true,false,false,true,false,false,false,true,false,false,false,false,false,true,false,true,true,false,false,false,false,false,false],"unobstructed":[false,false,false,false,false,false,false,false,false,false,false,false,false,false,false,false,false,false,false,false,true,false,false,false,false,false,false,false,false,false,false,false,false,false,false,false,false,false,false,false,false,false,false,false,false,false,false,false,false,false,false,false,false,false,false,false,false,false,false,false,false,false,true,true,false,false,false,false,false,false,false,false,false,true,false,false,false,false,false,false,false,false,false,false,false,false,false,false,false,false,false,false,false,false,false,false],"height":1.5504736712375091},{"image_id":"5f2a3396b86045d5bc7f283d1e48d8fd","pose":[-0.330611,0.00519026,-0.943753,11.8898,0.943743,0.00881638,-0.330559,-47.9176,0.00660495,-0.999947,-0.00781239,1.67979,0,0,0,1],"included":true,"visible":[false,false,false,false,false,false,false,false,false,false,false,false,false,false,false,false,false,false,false,true,false,false,false,false,false,true,false,true,false,false,false,true,false,false,true,false,false,false,false,false,false,false,false,false,false,false,false,false,false,false,false,false,false,true,false,false,false,false,false,false,false,false,false,false,true,false,false,false,true,false,false,true,false,false,false,false,false,false,false,false,false,false,false,false,false,false,false,false,false,false,true,false,true,false,false,false],"unobstructed":[false,false,false,false,false,false,false,false,false,false,false,false,false,false,false,false,false,false,false,false,false,false,false,false,false,true,false,false,false,false,false,true,false,false,false,false,false,false,false,false,false,false,false,false,false,false,false,false,false,false,false,false,false,true,false,false,false,false,false,false,false,false,false,false,false,false,false,false,true,false,false,false,false,false,false,false,false,false,false,false,false,false,false,false,false,false,false,false,false,false,false,false,true,false,false,false],"height":1.5339989569715013},{"image_id":"6488e19b0c5249eabb792c2bbebf8137","pose":[0.999053,0.00267699,-0.0434018,10.0796,0.0434418,-0.0173045,0.998906,-56.6636,0.00192317,-0.999846,-0.0174037,1.7135,0,0,0,1],"included":true,"visible":[false,false,false,false,false,false,false,false,false,false,false,false,false,false,false,false,false,false,false,true,false,false,false,false,false,false,false,true,false,false,false,false,false,false,false,false,false,false,false,false,false,false,false,false,false,false,false,false,false,false,false,true,false,true,false,false,false,false,false,false,false,false,false,false,false,false,false,false,false,false,false,false,false,false,false,false,false,false,false,false,false,false,false,false,false,false,false,false,false,false,false,false,false,false,false,false],"unobstructed":[false,false,false,false,false,false,false,false,false,false,false,false,false,false,false,false,false,true,false,false,false,false,false,false,false,false,false,true,false,false,false,false,false,false,false,false,false,false,false,false,false,false,false,false,false,false,false,false,false,false,false,false,false,false,false,false,false,false,false,false,false,false,false,false,false,false,false,false,false,true,false,false,false,false,false,false,false,false,false,false,false,false,false,false,false,false,false,false,false,false,false,false,false,false,false,false],"height":1.5353537964772004},{"image_id":"1611d119a70b46869c6e12117aa71972","pose":[0.371538,0.00103357,-0.928417,-7.61509,0.928391,0.00706542,0.371536,6.57839,0.00694382,-0.999974,0.00166619,1.53843,0,0,0,1],"included":true,"visible":[true,false,false,true,false,false,true,false,false,false,false,false,false,false,false,true,false,false,true,false,true,false,true,false,true,false,false,false,true,true,false,false,false,false,false,false,false,false,true,false,true,true,true,true,false,false,true,false,false,false,true,false,false,false,true,true,false,false,false,false,false,false,false,false,false,false,true,false,false,false,false,false,true,false,true,true,true,true,true,false,false,true,true,true,true,false,true,false,true,true,false,false,false,true,true,false],"unobstructed":[true,true,false,false,false,false,false,false,false,false,false,false,false,false,false,false,false,false,false,false,false,false,true,false,false,false,false,false,false,false,false,false,false,false,false,false,false,false,true,false,false,false,false,false,false,false,false,false,false,false,false,false,false,false,false,false,false,false,false,false,false,false,false,false,false,false,false,false,false,false,false,false,false,false,false,false,false,true,false,false,false,false,false,false,false,false,false,false,false,false,false,false,false,false,false,false],"height":1.5625259311835675},{"image_id":"121a837c700045e8bd73592a5edf1aee","pose":[0.515933,-0.00876908,0.856584,-25.0139,-0.856623,-0.00170228,0.515939,-0.772997,-0.00306601,-0.99996,-0.00838939,1.61245,0,0,0,1],"included":true,"visible":[false,false,false,false,false,false,false,true,false,false,false,false,false,false,false,false,false,false,true,false,false,false,false,false,false,false,false,false,false,false,false,false,false,false,false,false,false,false,false,true,false,false,false,false,false,false,false,false,false,true,false,false,false,false,true,false,false,false,false,false,false,false,false,false,false,false,false,false,false,false,false,false,false,true,false,false,false,false,false,false,false,false,false,false,false,false,false,true,false,false,false,false,false,false,false,false],"unobstructed":[false,false,false,false,false,false,false,false,false,false,false,false,false,false,false,false,false,false,false,false,false,false,false,false,false,false,false,false,false,false,false,false,false,false,false,false,false,false,false,true,false,false,false,false,false,false,false,false,false,true,false,false,false,false,false,false,false,false,false,false,false,false,false,false,false,false,false,false,false,false,false,false,false,false,false,false,false,false,false,false,false,false,false,false,false,false,false,true,false,false,false,false,false,false,false,false],"height":1.547644023350733},{"image_id":"a39bc73eb9f64cbaabfca03100692305","pose":[0.659565,0.000800722,-0.751647,5.59325,0.751625,-0.0083468,0.659537,-38.2251,-0.00574559,-0.999964,-0.00610643,1.64015,0,0,0,1],"included":true,"visible":[false,false,false,false,false,false,false,false,false,false,false,false,false,false,true,true,true,false,false,false,false,false,false,false,false,false,false,false,false,false,false,false,false,false,false,false,false,false,false,false,false,false,false,false,false,true,false,false,false,false,false,false,false,false,false,false,false,false,false,false,false,false,false,false,false,true,false,false,false,false,false,false,false,false,false,false,false,false,true,false,false,false,true,false,true,false,false,false,false,false,false,false,false,false,false,true],"unobstructed":[false,false,false,false,false,false,false,false,false,false,false,false,false,false,false,false,true,false,false,false,false,false,false,false,false,false,false,false,false,false,false,false,false,false,false,false,false,false,false,false,false,false,false,false,false,true,false,false,false,false,false,false,false,false,false,false,false,false,false,false,false,false,false,false,false,false,false,false,false,false,false,false,false,false,false,false,false,false,false,false,false,false,false,false,false,false,false,false,false,false,false,false,false,false,false,false],"height":1.5471366307719085},{"image_id":"c50575c567e74abfbf95cdd50f71122d","pose":[0.504736,-0.0016057,-0.863272,5.44676,0.863254,-0.00570744,0.504736,-43.4209,-0.00573737,-0.999982,-0.00149395,1.67025,0,0,0,1],"included":true,"visible":[false,false,false,false,true,false,false,false,false,false,false,false,false,true,false,false,true,false,false,false,false,false,false,false,false,true,true,false,false,false,false,false,false,false,false,false,false,false,false,false,false,false,false,false,false,true,false,false,false,false,false,false,false,false,false,false,false,false,false,false,false,false,false,false,false,true,false,false,true,false,false,false,false,false,false,false,false,false,true,false,false,false,true,false,true,false,false,false,false,false,false,false,false,false,false,true],"unobstructed":[false,false,false,false,true,false,false,false,false,false,false,false,false,false,false,false,true,false,false,false,false,false,false,false,false,false,false,false,false,false,false,false,false,false,false,false,false,false,false,false,false,false,false,false,false,false,false,false,false,false,false,false,false,false,false,false,false,false,false,false,false,false,false,false,false,true,false,false,false,false,false,false,false,false,false,false,false,false,false,false,false,false,false,false,false,false,false,false,false,false,false,false,false,false,false,true],"height":1.54920467616261},{"image_id":"063eee6149194f3abc6f297e290068fa","pose":[0.812025,-0.0176992,-0.583353,3.83469,0.583568,0.0380922,0.81117,-24.6803,0.00786428,-0.999117,0.0412612,1.57235,0,0,0,1],"included":true,"visible":[true,false,false,false,false,false,false,false,false,false,false,true,false,true,false,false,true,false,false,false,false,false,false,true,true,false,false,false,true,false,false,false,false,false,false,false,false,false,false,false,false,true,true,false,false,true,false,false,false,false,true,false,false,false,true,true,false,false,false,false,false,false,false,false,false,false,false,false,false,false,false,false,true,false,true,true,false,false,true,false,false,true,true,false,true,false,false,false,false,false,false,false,false,true,true,false],"unobstructed":[false,false,false,false,false,false,false,false,false,false,false,false,false,false,false,false,false,false,false,false,false,false,false,true,false,false,false,false,false,false,false,false,false,false,false,false,false,false,false,false,false,false,false,false,false,false,false,false,false,false,false,false,false,false,false,false,false,false,false,false,false,false,false,false,false,false,false,false,false,false,false,false,false,false,false,false,false,false,false,false,false,true,true,false,false,false,false,false,false,false,false,false,false,false,false,false],"height":1.5415433205084241},{"image_id":"544ccad03803403c97721228e7cc9669","pose":[0.667203,-0.00127767,-0.744874,5.50553,0.744811,-0.0119186,0.667168,-41.1453,-0.00973009,-0.999928,-0.0069998,1.6487,0,0,0,1],"included":true,"visible":[false,false,false,false,false,false,false,false,false,false,false,false,false,true,true,true,false,false,false,false,false,true,false,false,false,false,false,false,false,false,false,false,false,false,false,false,false,false,false,false,false,false,false,false,false,true,false,false,false,false,false,false,false,false,false,false,false,false,false,false,false,false,false,false,false,true,false,false,false,false,false,false,false,false,false,false,false,false,true,false,false,false,true,false,true,false,false,false,false,false,false,false,false,false,false,true],"unobstructed":[false,false,false,false,false,false,false,false,false,false,false,false,false,true,true,false,false,false,false,false,false,false,false,false,false,false,false,false,false,false,false,false,false,false,false,false,false,false,false,false,false,false,false,false,false,false,false,false,true,false,false,false,false,false,false,false,false,false,false,false,false,false,false,false,false,true,false,false,false,false,false,false,false,false,false,false,false,false,false,false,false,false,false,false,false,false,false,false,false,false,false,false,false,false,false,false],"height":1.5366495143149863},{"image_id":"434eafc01e8e4a32beeeddba478776bf","pose":[0.894471,-0.00430158,-0.447104,9.97402,0.447066,-0.00749634,0.894469,-53.2057,-0.00719911,-0.999962,-0.00478149,1.67843,0,0,0,1],"included":true,"visible":[false,false,false,false,false,false,false,false,false,false,true,false,false,false,false,false,false,false,false,true,false,false,false,false,false,false,false,false,false,false,false,true,false,false,false,true,true,false,false,false,false,false,false,false,false,false,false,false,false,false,false,true,false,true,false,false,false,false,false,false,false,false,false,false,false,false,false,false,false,true,false,false,false,false,false,false,false,false,false,false,false,false,false,false,false,false,false,false,false,false,false,false,false,false,false,false],"unobstructed":[false,false,false,false,false,false,false,false,false,false,true,false,false,false,false,false,false,false,false,false,false,false,false,false,false,false,false,false,false,false,false,false,false,false,false,true,false,false,false,false,false,false,false,false,false,false,false,false,false,false,false,true,false,false,false,false,false,false,false,false,false,false,false,false,false,false,false,false,false,true,false,false,false,false,false,false,false,false,false,false,false,false,false,false,false,false,false,false,false,false,false,false,false,false,false,false],"height":1.536762681058095},{"image_id":"2ad491d5db914f9689bfec52a694dd18","pose":[0.890602,-0.0072968,-0.454723,-12.8979,0.454728,-0.00107966,0.89063,-4.78075,-0.00698953,-0.999972,0.00235719,1.51924,0,0,0,1],"included":true,"visible":[false,false,false,true,false,true,true,true,false,false,false,false,false,false,false,false,false,false,false,false,true,false,false,false,false,false,false,false,false,false,true,false,false,false,false,false,false,false,false,false,false,true,false,true,true,false,true,false,false,false,false,false,false,false,true,false,false,true,true,false,true,false,true,false,false,false,false,false,false,false,false,false,false,false,true,false,true,false,false,false,true,false,false,false,false,false,true,false,true,true,false,false,false,false,false,false],"unobstructed":[false,false,false,false,false,true,false,false,false,false,false,false,false,false,false,false,false,false,false,false,true,false,false,false,false,false,false,false,false,true,false,false,false,false,false,false,false,false,false,false,false,false,false,false,false,false,false,false,false,false,false,false,false,false,false,false,false,false,true,false,false,false,false,false,false,false,false,false,false,false,false,false,false,false,false,false,false,false,false,false,true,false,false,false,false,false,false,false,false,false,false,false,false,false,false,false],"height":1.5541908252890295},{"image_id":"6b06f294636f4fcd9bddeb75cda61c6d","pose":[-0.920552,-0.00328805,0.390605,9.65708,-0.39059,-0.00453734,-0.920554,-42.5386,0.00479929,-0.999984,0.00289326,1.68407,0,0,0,1],"included":true,"visible":[false,false,false,false,true,false,false,false,false,false,false,false,false,false,false,false,false,false,false,false,false,true,false,false,false,true,false,false,false,false,false,false,false,false,false,false,false,false,false,false,false,false,false,false,false,false,false,false,false,false,false,false,false,false,false,false,false,false,false,false,false,false,false,false,false,true,false,false,true,false,false,false,false,false,false,false,false,false,false,false,false,false,false,false,false,false,false,false,false,false,true,false,false,false,false,true],"unobstructed":[false,false,false,false,true,false,false,false,false,false,false,false,false,false,false,false,false,false,false,false,false,false,false,false,false,true,false,false,false,false,false,false,false,false,false,false,false,false,false,false,false,false,false,false,false,false,false,false,false,false,false,false,false,false,false,false,false,false,false,false,false,false,false,false,false,false,false,false,false,false,false,false,false,false,false,false,false,false,false,false,false,false,false,false,false,false,false,false,false,false,true,false,false,false,false,false],"height":1.5426168843877461},{"image_id":"deb943d89d2a44ce8850edec3c7308f9","pose":[0.893092,-0.0114441,-0.449728,-15.4523,0.449731,-0.00240795,0.89316,-5.97485,-0.0113042,-0.999931,0.00299695,1.53402,0,0,0,1],"included":true,"visible":[false,false,false,true,false,false,true,true,false,false,false,false,false,false,false,false,false,false,true,false,false,false,true,false,false,false,false,false,false,false,true,false,false,false,false,false,false,false,false,false,false,true,false,true,true,false,true,false,false,false,false,false,false,false,false,false,false,false,true,true,true,false,true,false,false,false,false,false,false,false,false,false,false,true,false,false,true,false,false,false,true,false,false,true,false,false,true,false,false,true,false,false,false,false,false,false],"unobstructed":[false,false,false,false,false,false,false,false,true,false,false,false,false,false,false,false,false,false,true,false,false,false,false,false,false,false,false,false,false,false,false,false,false,false,false,false,false,false,false,false,false,false,false,false,false,false,false,false,false,false,false,false,false,false,false,false,false,false,false,false,false,false,true,false,false,false,false,false,false,false,false,false,false,false,false,false,false,false,false,false,true,false,false,false,false,false,false,false,false,false,false,false,false,false,false,false],"height":1.5603665513254015},{"image_id":"aa3049db9ce543e0bb9456793ad1ea2e","pose":[0.981008,-0.00969426,-0.19372,0.813192,0.193794,0.00736692,0.981014,-46.8941,-0.00808293,-0.999925,0.00910639,1.68499,0,0,0,1],"included":true,"visible":[false,false,false,false,true,false,false,false,false,false,false,false,false,false,true,false,true,false,false,true,false,false,false,false,false,true,false,false,false,false,false,false,true,false,false,false,false,false,false,false,false,false,false,false,false,false,false,false,true,false,false,false,false,false,false,false,false,false,false,false,false,false,false,false,false,false,false,false,false,false,false,false,false,false,false,false,false,false,false,false,false,false,false,false,false,false,false,false,false,false,true,false,false,false,false,false],"unobstructed":[false,false,false,false,false,false,false,false,false,false,false,false,false,false,false,false,false,false,false,false,false,false,false,false,false,false,false,false,false,false,false,false,true,false,false,false,false,false,false,false,false,false,false,false,false,false,false,false,true,false,false,false,false,false,false,false,true,false,false,false,false,false,false,false,false,true,false,false,false,false,false,false,false,false,false,false,false,false,false,false,false,false,false,false,false,false,false,false,false,false,false,false,false,false,false,false],"height":1.5458805300882748},{"image_id":"9777c924f783428ca832493cef2b5259","pose":[-0.183762,0.0018807,0.982969,-7.957,-0.98296,-0.00497458,-0.183751,2.71427,0.00454443,-0.999986,0.00276347,1.51595,0,0,0,1],"included":true,"visible":[false,true,false,true,false,true,true,false,false,false,false,false,false,false,false,true,false,false,false,false,true,false,false,false,true,false,false,false,true,true,true,false,false,false,false,false,false,false,true,false,false,true,true,false,true,false,true,true,false,false,true,false,false,false,true,true,false,false,false,false,false,false,true,false,false,false,false,true,false,false,true,false,true,true,true,true,true,false,true,false,false,true,true,false,true,false,true,false,true,false,false,false,false,true,true,false],"unobstructed":[true,false,false,true,false,false,false,false,false,false,false,true,false,false,false,false,false,false,false,false,false,false,false,false,false,false,false,false,false,false,false,false,false,false,false,false,false,false,true,false,false,false,false,false,false,false,false,false,false,false,false,false,false,false,false,false,false,false,false,false,false,false,false,false,false,false,false,false,false,false,false,false,false,false,false,false,false,false,false,false,false,false,false,false,false,false,true,false,false,false,false,false,false,false,false,false],"height":1.5600802361276682},{"image_id":"171278a4cf64429d9ab2df21adcc60d8","pose":[0.37741,-0.00640171,0.926024,-0.369979,-0.92571,0.02433,0.37745,-25.442,-0.0249464,-0.999683,0.00325694,1.56189,0,0,0,1],"included":true,"visible":[false,false,false,false,false,false,false,false,false,false,false,false,false,false,false,true,false,false,false,false,false,false,false,false,false,false,false,false,false,false,false,false,false,false,false,false,false,false,false,false,false,false,true,false,false,false,false,false,false,false,false,false,false,false,false,false,false,false,false,false,false,false,false,false,false,false,false,false,false,false,false,false,false,false,false,false,false,false,false,false,false,true,true,false,false,false,false,false,false,false,false,false,false,false,false,false],"unobstructed":[false,false,false,false,false,false,false,false,false,false,false,false,false,false,false,true,false,false,false,false,false,false,false,false,false,false,false,false,false,false,false,false,false,false,false,false,false,false,false,false,false,false,true,false,false,false,false,false,false,false,false,false,false,false,false,false,false,false,false,false,false,false,false,false,false,false,false,false,false,false,false,false,false,false,false,false,false,false,false,false,false,true,true,false,false,false,false,false,false,false,false,false,false,false,false,false],"height":1.555099275958128},{"image_id":"8e489f8b8bc5448b9410a41faa216021","pose":[0.896834,-0.0116462,-0.442213,-0.496936,0.442294,0.0416608,0.895902,-14.0479,0.00798927,-0.999064,0.0425145,1.51154,0,0,0,1],"included":true,"visible":[false,false,false,false,false,false,false,false,false,false,false,false,false,false,false,true,false,false,false,false,false,false,false,false,false,false,false,false,true,false,false,false,false,false,false,false,false,false,false,false,false,true,true,false,true,false,true,false,false,false,true,false,false,false,true,true,false,false,false,false,false,false,false,false,false,false,false,false,false,false,false,false,true,false,true,true,false,false,true,false,false,true,true,false,true,false,true,false,false,false,false,false,false,true,true,false],"unobstructed":[false,false,false,false,false,false,false,false,false,false,false,false,false,false,false,false,false,false,false,false,false,false,false,false,false,false,false,false,false,false,false,false,false,false,false,false,false,false,false,false,false,false,false,false,false,false,false,false,false,false,false,false,false,false,false,false,false,false,false,false,false,false,false,false,false,false,false,false,false,false,false,false,false,false,false,true,false,false,false,false,false,false,false,false,false,false,false,false,false,false,false,false,false,true,false,false],"height":1.5347695720604808},{"image_id":"5fb68178835247328ebd444ea4207d64","pose":[-0.606358,0.00631839,-0.795166,11.5563,0.795119,-0.00863789,-0.606391,-44.0769,-0.0106998,-0.999942,0.000214455,1.68331,0,0,0,1],"included":true,"visible":[false,false,false,false,true,false,false,false,false,false,false,false,false,false,true,false,false,false,false,true,false,true,false,false,false,false,false,false,false,false,false,false,true,false,false,false,false,false,false,false,false,false,false,false,false,false,false,false,false,false,false,false,false,false,false,false,false,false,false,false,false,false,false,false,false,true,false,false,true,false,false,false,false,false,false,false,false,false,false,true,false,false,false,false,false,false,false,false,false,false,true,false,true,false,false,false],"unobstructed":[false,false,false,false,true,false,false,false,false,true,false,false,false,false,false,false,false,false,false,true,false,false,false,false,false,false,false,false,false,false,false,true,false,false,true,false,false,false,false,false,false,false,false,false,false,false,false,false,false,false,false,false,false,false,false,false,false,false,false,false,false,false,false,false,false,false,false,false,true,false,false,false,false,false,false,false,false,false,false,false,false,false,false,false,false,false,false,false,false,false,true,false,false,false,false,false],"height":1.5536012778936845},{"image_id":"255f67f42d6447d0996f35abb4a445a9","pose":[0.371866,-0.0105112,0.928227,-0.982437,-0.92828,-0.000656061,0.37188,-42.3959,-0.00329979,-0.999944,-0.0100007,1.67661,0,0,0,1],"included":true,"visible":[false,false,false,false,false,false,false,false,false,false,false,false,false,false,false,false,false,false,false,false,false,true,false,false,false,false,false,false,false,false,false,false,true,false,false,false,false,false,false,false,false,false,false,false,false,false,false,false,true,false,false,false,false,false,false,false,false,false,false,false,false,true,false,false,false,true,false,false,false,false,false,false,false,false,false,false,false,false,false,false,false,false,false,false,false,false,false,false,false,false,false,false,false,false,false,true],"unobstructed":[false,false,false,false,false,false,false,false,false,false,false,false,false,false,false,false,false,false,false,false,false,false,false,false,false,false,false,false,false,false,false,false,true,false,false,false,false,false,false,false,false,false,false,false,false,false,false,false,true,false,false,false,false,false,false,false,false,false,false,false,false,true,false,false,false,false,false,false,false,false,false,false,false,false,false,false,false,false,false,false,false,false,false,false,false,false,false,false,false,false,false,false,false,false,false,false],"height":1.5399664973619378},{"image_id":"a31586a01b5947c89f02d9fa852b0d97","pose":[0.0988325,0.0065377,-0.995082,13.2831,0.995091,-0.0055742,0.098797,-56.688,-0.00490073,-0.999963,-0.00705585,1.71211,0,0,0,1],"included":true,"visible":[false,false,false,false,false,false,false,false,false,false,true,false,false,false,false,false,false,false,false,false,false,false,false,false,false,false,false,false,false,false,false,false,false,false,false,false,false,false,false,false,false,false,false,false,false,false,false,false,false,false,false,false,false,false,false,false,false,false,false,false,false,false,false,false,false,false,false,false,false,false,false,false,false,false,false,false,false,false,false,false,false,false,false,false,false,false,false,false,false,false,false,false,true,false,false,false],"unobstructed":[false,false,false,false,false,false,false,false,false,false,true,false,false,false,false,false,false,false,false,false,false,false,false,false,false,false,false,false,false,false,false,false,false,false,false,true,false,false,false,false,false,false,false,false,false,false,false,false,false,false,false,false,false,false,false,false,false,false,false,false,false,false,false,false,false,false,false,false,false,false,false,false,false,false,false,false,false,false,false,false,false,false,false,false,false,false,false,false,false,false,false,false,false,false,false,false],"height":1.5336129611604354},{"image_id":"854ce53825a347bba52684d20cca190b","pose":[0.160731,-0.00193,0.986996,-2.12065,-0.986997,0.000248771,0.160731,-10.0927,-0.000555594,-0.999998,-0.00186425,1.51912,0,0,0,1],"included":true,"visible":[false,true,false,false,false,true,false,false,false,false,false,false,false,false,false,true,false,false,false,false,false,false,false,false,true,false,false,false,false,false,false,false,false,false,false,false,false,false,false,false,false,true,true,false,true,false,true,false,false,false,true,false,false,false,true,true,false,true,true,false,false,false,false,false,false,false,false,false,false,false,false,false,true,false,true,true,false,false,true,false,false,true,true,false,true,false,true,false,false,false,false,false,false,true,true,false],"unobstructed":[false,false,false,false,false,false,false,false,false,false,false,false,false,false,false,false,false,false,false,false,false,false,false,false,false,false,false,false,false,false,false,false,false,false,false,false,false,false,false,false,false,false,false,false,false,false,false,false,false,false,true,false,false,false,false,true,false,false,false,false,false,false,fal