[{"image_id":"7bf81bd8601e4bde87ef2365f625288c","pose":[-0.854076,0.00870919,0.520074,15.5489,-0.519901,-0.0450515,-0.853038,-0.0385038,0.016001,-0.998946,0.043006,4.09899,0,0,0,1],"included":true,"visible":[false,false,false,false,false,true,true,false,false,false,false,true,false,false,false,false,false,false,false,false,false,false,false,false,false,false,false,false,false,false,true,false,false,true,false,false,false,false,true,false,false,false,false,false,false,false,true,false,false,true],"unobstructed":[false,false,false,false,false,true,false,false,false,false,false,true,false,false,false,false,false,false,false,false,false,false,false,false,false,false,false,false,false,false,false,false,false,false,false,false,false,false,false,false,false,false,false,false,false,false,false,false,false,true],"height":1.1453831422331175},{"image_id":"c6ee591e1061490d8c15ff8de1ab58aa","pose":[0.993375,0.0353184,-0.109347,12.2639,0.110272,-0.0253759,0.993577,1.11591,0.032317,-0.999053,-0.0291019,1.11667,0,0,0,1],"included":true,"visible":[false,false,false,false,false,false,false,false,false,false,false,false,false,false,true,false,true,false,false,false,false,true,false,false,true,false,false,false,true,false,false,true,true,false,false,false,false,false,false,true,false,false,false,true,false,true,false,true,false,false],"unobstructed":[false,false,false,false,false,false,false,false,false,false,false,false,false,false,false,false,false,false,false,false,false,false,false,true,false,false,false,false,true,false,false,false,true,false,false,false,false,false,false,true,false,false,false,false,false,false,false,true,false,false],"height":1.1307842105021655},{"image_id":"466de00abb3346119a44dff5cdca68ba","pose":[-0.00239569,0.0261446,0.999655,8.38129,-0.999912,-0.0130336,-0.00205555,-2.82414,0.0129755,-0.999573,0.0261742,-0.289308,0,0,0,1],"included":true,"visible":[false,false,false,false,false,false,false,false,false,true,false,false,true,false,true,false,false,false,true,false,false,true,false,true,false,true,false,false,true,false,false,true,false,false,false,false,false,false,false,false,false,false,false,false,false,true,false,false,false,false],"unobstructed":[false,false,false,false,false,false,false,false,false,true,false,false,false,false,false,false,false,false,true,false,false,false,false,false,false,false,false,false,false,false,false,false,false,false,false,false,false,false,false,false,false,false,false,false,false,false,false,false,false,false],"height":1.182957994415648},{"image_id":"76f8ea642f5541cf80e93ba4d2430b7c","pose":[-0.0352799,0.000109897,-0.999377,13.401,0.999367,0.00445592,-0.035279,1.91573,0.00444947,-0.99999,-0.000266407,-2.14039,0,0,0,1],"included":true,"visible":[false,false,false,false,false,false,false,false,true,false,false,false,true,false,false,false,false,true,false,true,false,true,false,false,false,false,false,false,false,false,false,false,false,false,false,false,false,false,false,false,false,false,false,false,false,false,false,false,false,false],"unobstructed":[false,false,false,false,false,false,false,false,true,false,false,false,true,false,false,false,false,true,false,true,false,false,false,false,false,false,false,false,false,false,false,false,false,false,false,false,false,false,false,false,false,false,false,false,false,false,false,false,false,false],"height":1.1196125997649702},{"image_id":"c923f6e9440146129bef546a6fae0383","pose":[0.466955,0.0354045,0.883572,7.49287,-0.883738,-0.0162957,0.467696,-1.06241,0.0309572,-0.99924,0.0236796,4.07571,0,0,0,1],"included":true,"visible":[false,false,false,false,false,false,false,false,false,false,false,false,false,false,false,false,false,false,false,false,true,false,false,false,false,false,false,false,false,false,false,false,false,true,false,false,false,false,false,false,false,false,false,false,true,false,false,false,false,false],"unobstructed":[false,false,false,false,false,false,false,false,false,false,false,false,false,false,false,false,false,false,false,false,false,false,false,false,false,false,false,false,false,false,false,false,false,true,false,false,false,false,false,false,false,false,false,false,true,false,false,false,false,false],"height":1.1522717606985964},{"image_id":"38b310ec74a041c3ba46b304a712d70f","pose":[-0.701246,-0.0328299,-0.712163,16.2049,0.712915,-0.0289089,-0.700654,1.10245,0.00241477,-0.999042,0.0436778,4.08934,0,0,0,1],"included":true,"visible":[true,false,false,false,false,false,false,false,false,false,true,true,false,false,false,false,false,false,false,false,false,false,false,false,false,false,false,false,false,false,false,false,false,false,false,false,true,false,false,false,false,false,false,false,false,false,false,false,false,false],"unobstructed":[true,false,false,false,false,false,false,false,false,false,true,true,false,false,false,false,false,false,false,false,false,false,false,false,false,false,false,false,false,false,false,false,false,false,false,false,false,false,false,false,true,false,false,false,false,false,false,false,false,false],"height":1.1396351177153905},{"image_id":"f99835e3fffc45bbb3b4c992c78756e5","pose":[0.475524,0.0328421,0.879089,9.31884,-0.879282,-0.0131228,0.476119,-0.0522276,0.027173,-0.999374,0.0226379,4.07649,0,0,0,1],"included":true,"visible":[true,false,false,false,false,false,false,false,false,false,false,false,false,false,false,true,false,false,false,false,false,false,true,false,false,false,true,false,false,false,true,false,false,true,false,false,false,false,true,false,false,true,true,false,false,false,true,false,false,true],"unobstructed":[false,false,false,false,false,false,false,false,false,false,false,false,false,false,false,false,false,false,false,false,false,false,false,false,false,false,false,false,false,false,true,false,false,true,false,false,false,false,false,false,false,true,false,false,false,false,false,false,false,true],"height":1.1474408622624455},{"image_id":"32bae6dbde3e465e9fde5ac4519fa157","pose":[-0.539566,0.0110419,-0.841871,17.3799,0.841851,0.0218756,-0.539266,-2.18194,0.0124621,-0.999699,-0.0210983,1.09206,0,0,0,1],"included":true,"visible":[false,false,false,false,false,false,false,false,false,false,false,false,false,false,false,false,false,false,false,false,false,false,false,true,true,false,false,false,true,false,false,false,true,false,false,false,false,false,false,false,false,false,false,false,false,false,false,true,true,false],"unobstructed":[false,false,false,false,false,false,false,false,false,false,false,false,false,false,false,false,false,false,false,false,false,false,false,false,true,false,false,false,false,false,false,false,true,false,false,false,false,false,false,false,false,false,false,false,false,false,false,false,true,false],"height":1.0973637809094967},{"image_id":"6d24c882111d4c29b64b6b494d644159","pose":[-0.0268983,-0.00318241,-0.999633,11.6328,0.999618,0.00614592,-0.0269174,-1.99926,0.00622953,-0.999976,0.0030165,-2.15136,0,0,0,1],"included":true,"visible":[false,false,false,true,false,false,false,false,false,false,false,false,true,false,true,false,true,true,false,false,false,true,false,false,false,false,false,false,false,false,false,false,false,false,false,false,false,false,false,false,false,false,false,false,false,true,false,false,false,false],"unobstructed":[false,false,false,true,false,false,false,false,false,false,false,false,true,false,false,false,false,true,false,false,false,false,false,false,false,false,false,false,false,false,false,false,false,false,false,true,false,false,false,false,false,false,false,false,false,false,false,false,false,false],"height":1.1306023165459584},{"image_id":"14628aaead7d4d6b97153bbd84cc6ef1","pose":[-0.262361,0.00792362,0.964937,6.70725,-0.964859,-0.0173123,-0.262197,-2.81196,0.0146279,-0.999818,0.0121879,-0.298653,0,0,0,1],"included":true,"visible":[false,false,true,false,false,false,false,false,false,false,false,false,true,false,true,false,false,false,true,false,false,false,false,true,false,true,false,true,true,false,false,true,false,false,true,false,false,false,false,false,false,false,false,false,false,false,false,false,false,false],"unobstructed":[false,false,true,false,false,false,false,false,false,false,false,false,false,false,false,false,false,false,false,false,false,false,false,false,false,false,false,false,false,false,false,true,false,false,false,false,false,false,false,false,false,false,false,false,false,false,false,false,false,false],"height":1.1523413760488477},{"image_id":"6e6c35e0ed8343a18a5999c5e27dd656","pose":[0.70489,-0.011607,-0.709221,16.4931,0.709091,0.0367065,0.70416,2.70296,0.01786,-0.999258,0.0341051,4.08356,0,0,0,1],"included":true,"visible":[false,false,false,false,false,true,false,false,false,false,false,true,false,false,false,false,false,false,false,false,false,false,false,false,false,false,false,false,false,false,false,false,false,false,false,false,false,false,false,false,true,false,false,false,false,false,false,false,false,false],"unobstructed":[false,false,false,false,false,true,false,false,false,false,false,false,false,false,false,false,false,false,false,false,false,false,false,false,false,false,false,false,false,false,false,false,false,false,false,false,false,false,false,false,true,false,false,false,false,false,false,false,false,false],"height":1.138830300045326},{"image_id":"720ca9c0b604445bab3bd731000bc5ca","pose":[-0.680699,0.018224,0.732336,16.2254,-0.732287,-0.0443334,-0.679551,-0.697343,0.020083,-0.99885,0.0435235,4.09576,0,0,0,1],"included":true,"visible":[true,false,false,false,false,true,false,false,false,false,true,false,false,false,false,false,false,false,false,false,false,false,false,false,false,false,false,false,false,false,false,false,false,false,false,false,true,false,false,false,false,false,false,false,false,false,false,false,false,false],"unobstructed":[true,false,false,false,false,true,false,false,false,false,false,false,false,false,false,false,false,false,false,false,false,false,false,false,false,false,false,false,false,false,false,false,false,false,false,false,true,true,false,false,false,false,false,false,false,false,false,false,false,false],"height":1.1376367116631414},{"image_id":"2e024b2658064f9099f0ffd136fc4a0a","pose":[-0.0296457,-0.00531492,-0.999546,9.02305,0.999558,-0.00221209,-0.0296342,0.863374,-0.00205338,-0.999983,0.00537878,-2.16332,0,0,0,1],"included":true,"visible":[false,false,false,true,false,false,false,false,true,false,false,false,false,false,false,false,true,true,false,true,false,true,false,false,false,false,false,false,false,false,false,false,false,false,false,false,false,false,false,false,false,false,false,false,false,true,false,false,false,false],"unobstructed":[false,false,false,true,false,false,false,false,true,false,false,false,false,false,false,false,false,true,false,false,false,true,false,false,false,false,false,false,false,false,false,false,false,false,false,false,false,false,false,false,false,false,false,false,false,false,false,false,false,false],"height":1.1466357646095964},{"image_id":"a5f020c705db447cabdb237e7b7027fe","pose":[0.0429282,-0.0313497,0.998586,19.9259,-0.998665,-0.0300775,0.0419873,0.398095,0.0287188,-0.999055,-0.0325984,1.10184,0,0,0,1],"included":true,"visible":[false,false,false,false,false,false,false,false,false,false,false,false,false,false,false,false,false,false,false,false,false,false,false,true,false,false,false,false,false,false,false,false,false,false,false,false,false,false,false,false,false,false,false,true,false,false,false,false,true,false],"unobstructed":[false,false,false,false,false,false,false,false,false,false,false,false,false,false,false,false,false,false,false,false,false,false,false,false,false,false,false,false,false,false,false,false,false,false,false,false,false,false,false,false,false,false,false,true,false,false,false,false,true,false],"height":1.1109369506179054},{"image_id":"276d365e9e6b42e6bb17571e9dfd2663","pose":[-0.0999202,-0.00992505,-0.994945,5.25409,0.994989,0.00251214,-0.0999495,0.489936,0.00349165,-0.999947,0.00962493,-2.15011,0,0,0,1],"included":true,"visible":[false,false,false,false,false,false,false,false,true,false,false,false,false,false,false,false,true,true,false,true,false,true,false,false,false,false,false,false,false,false,false,false,false,false,true,false,false,false,false,false,false,false,false,false,false,true,false,false,false,false],"unobstructed":[false,false,false,false,false,false,false,false,false,false,false,false,false,false,false,false,true,true,false,false,false,true,false,false,false,false,false,false,false,false,false,false,false,false,false,false,false,false,false,false,false,false,false,false,false,true,false,false,false,false],"height":1.1236408788317118},{"image_id":"50e6b50f81554912a305b166a0fd1a85","pose":[-0.0126174,-0.0160635,-0.999791,3.01368,0.999916,0.00245658,-0.0126583,-0.0624767,0.0026596,-0.999867,0.0160318,4.02162,0,0,0,1],"included":true,"visible":[false,false,false,false,false,false,true,false,false,false,false,false,false,false,false,false,false,false,false,false,false,false,true,false,false,false,false,false,false,false,false,false,false,true,false,false,false,false,true,false,false,false,true,false,false,false,true,false,false,true],"unobstructed":[false,false,false,false,false,false,false,false,false,false,false,false,false,false,false,false,false,false,false,false,false,false,true,false,false,false,false,false,false,false,false,false,false,false,false,false,false,false,false,false,false,false,true,false,false,false,false,false,false,false],"height":1.1288646596488894},{"image_id":"8eacf8672d1546f6b90a6966b6e45db0","pose":[-0.000893788,-0.00861833,-0.999962,0.198617,0.999989,0.00450257,-0.000932498,0.305923,0.00451064,-0.999952,0.00861484,-2.12068,0,0,0,1],"included":true,"visible":[false,false,false,false,false,false,false,false,true,false,false,false,false,false,true,false,false,true,true,false,false,false,false,true,false,true,false,false,false,false,false,false,false,false,false,false,false,false,false,false,false,false,false,false,false,true,false,false,false,false],"unobstructed":[false,false,false,false,false,false,false,false,false,false,false,false,false,false,true,false,false,false,false,false,false,true,false,false,false,false,false,false,false,false,false,false,false,false,false,false,false,false,false,false,false,false,false,false,false,true,false,false,false,false],"height":1.1177168886652105},{"image_id":"937ef6a5582f4186805e8f370131ddf3","pose":[-0.00429104,-0.0138231,-0.999895,7.35483,0.999988,-0.00228144,-0.00425978,-1.38893,-0.00222211,-0.999901,0.0138334,-2.1294,0,0,0,1],"included":true,"visible":[false,false,false,true,false,false,false,false,true,false,false,false,true,false,true,false,true,false,false,false,false,true,false,false,false,false,false,false,false,false,false,false,false,false,false,false,false,false,false,false,false,false,false,false,false,true,false,false,false,false],"unobstructed":[false,false,false,true,false,false,false,false,true,false,false,false,true,false,true,false,false,false,false,false,false,true,false,false,false,false,false,false,false,false,false,false,false,false,false,false,false,false,false,false,false,false,false,false,false,true,false,false,false,false],"height":1.1553493360423635},{"image_id":"37f4e459dfa54aff98d84e8287138288","pose":[-0.712229,-0.0112946,0.701856,9.75087,-0.701547,-0.0222722,-0.712274,-2.73579,0.0236769,-0.999688,0.00793988,0.269183,0,0,0,1],"included":true,"visible":[false,true,true,true,false,false,false,true,false,true,false,false,true,false,false,false,true,false,false,false,false,true,false,true,true,false,false,false,false,false,false,true,true,false,false,false,false,false,false,false,false,false,false,false,false,true,false,true,true,false],"unobstructed":[false,false,true,false,false,false,false,false,false,false,false,false,false,false,false,false,false,false,false,false,false,false,false,true,false,false,false,false,false,false,false,false,false,false,false,false,false,false,false,false,false,false,false,false,false,false,false,false,false,false],"height":0.9936463556430244},{"image_id":"7efd4325cb7f42519c11210ffa7a7e1c","pose":[0.0367506,-0.00396769,-0.999316,16.6528,0.999321,-0.00215406,0.0367594,2.08194,-0.00229823,-0.999989,0.00388646,-2.11988,0,0,0,1],"included":true,"visible":[false,false,false,true,false,false,false,false,false,false,false,false,true,false,false,false,false,true,false,false,false,true,false,false,false,false,false,false,false,false,false,false,false,false,false,true,false,false,false,false,false,false,false,false,false,false,false,false,false,false],"unobstructed":[false,false,false,true,false,false,false,false,false,false,false,false,false,false,false,false,false,false,false,false,false,false,false,false,false,false,false,false,false,false,false,false,false,false,false,true,false,false,false,false,false,false,false,false,false,false,false,false,false,false],"height":1.1244352300745826},{"image_id":"d75fa5875ff1464497e5c2191ee803b9","pose":[-0.449251,0.0135737,0.893302,7.30101,-0.893278,-0.0236806,-0.448879,1.61619,0.0150612,-0.999627,0.0227643,4.06624,0,0,0,1],"included":true,"visible":[false,false,false,false,true,false,false,false,false,false,false,false,false,false,false,false,false,false,false,false,false,false,false,false,false,false,false,false,false,true,false,false,false,true,false,false,false,false,false,false,false,false,false,false,false,false,false,false,false,false],"unobstructed":[false,false,false,false,false,false,false,false,false,false,false,false,false,false,false,false,false,false,false,false,false,false,false,false,false,false,false,false,false,true,false,false,false,true,false,false,false,false,false,false,false,false,false,false,false,false,false,false,false,false],"height":1.1434761611928517},{"image_id":"5e088d1a1343492fa42091aebe7f9e04","pose":[0.593247,0.00416398,0.805009,4.09131,-0.805018,0.00148362,0.593247,-1.2295,0.00127614,-0.99999,0.00423286,-2.15038,0,0,0,1],"included":true,"visible":[false,false,false,true,false,false,false,false,true,false,false,false,true,false,true,false,false,true,true,false,false,false,false,false,false,true,false,true,false,false,false,true,false,false,true,false,false,false,false,false,false,false,false,false,false,true,false,false,false,false],"unobstructed":[false,false,false,false,false,false,false,false,false,false,false,false,true,false,true,false,true,true,false,false,false,false,false,false,false,false,false,false,false,false,false,false,false,false,true,false,false,false,false,false,false,false,false,false,false,true,false,false,false,false],"height":1.1353018752517823},{"image_id":"9e574409dd8f41419ddd6d06cb5c4dae","pose":[-0.00641826,0.0110006,-0.999918,1.84485,0.999977,-0.0018704,-0.00643909,-0.0423878,-0.00194088,-0.999937,-0.0109878,3.94193,0,0,0,1],"included":true,"visible":[true,false,false,false,false,false,true,false,false,false,false,false,false,false,false,true,false,false,false,false,false,false,false,false,false,false,false,false,false,false,false,false,false,true,false,false,false,false,true,false,false,false,true,false,false,false,true,false,false,true],"unobstructed":[false,false,false,false,false,false,false,false,false,false,false,false,false,false,false,true,false,false,false,false,false,false,false,false,false,false,false,false,false,false,false,false,false,false,false,false,false,false,false,false,false,false,false,false,false,false,false,false,false,false],"height":1.1195049052554031},{"image_id":"bf428f443730499685d561a4221be040","pose":[-0.634168,-0.0325763,-0.772508,11.116,0.771793,0.0334558,-0.634992,-2.69222,0.0465308,-0.998909,0.00392621,1.09929,0,0,0,1],"included":true,"visible":[false,true,true,false,false,false,false,true,false,true,false,false,true,false,true,false,true,true,true,false,false,false,false,false,false,false,false,false,true,false,false,true,true,false,false,false,false,false,false,true,false,false,false,false,false,false,false,true,true,false],"unobstructed":[false,true,false,false,false,false,false,false,false,false,false,false,false,false,false,false,false,false,true,false,false,false,false,false,false,false,false,false,true,false,false,false,true,false,false,false,false,false,false,false,false,false,false,false,false,false,false,true,false,false],"height":1.0880009786143978},{"image_id":"b2e6464d05eb49c69144ff197c24db72","pose":[0.759828,0.00672527,0.650088,17.4006,-0.649331,-0.0415083,0.759372,2.54987,0.0320913,-0.999115,-0.0271716,1.1169,0,0,0,1],"included":true,"visible":[false,true,false,false,false,false,false,true,false,false,false,false,false,false,false,false,false,false,false,false,false,false,false,false,false,false,false,false,false,false,false,false,false,false,false,false,false,false,false,true,false,false,false,true,false,false,false,false,false,false],"unobstructed":[false,false,false,false,false,false,false,true,false,false,false,false,false,false,false,false,false,false,false,false,false,false,false,false,false,false,false,false,false,false,false,false,false,false,false,false,false,false,false,true,false,false,false,true,false,false,false,false,false,false],"height":1.1107330329935177},{"image_id":"d5dbd24d1b9c404a9b4fc687ecf17a4f","pose":[0.927855,0.0214531,0.372322,12.5527,-0.370777,-0.0543002,0.927133,3.02145,0.0401073,-0.998294,-0.0424278,2.57794,0,0,0,1],"included":true,"visible":[false,false,true,false,false,false,false,false,false,true,false,false,false,false,false,false,true,false,true,false,false,true,false,false,false,false,true,false,true,false,false,false,false,false,false,false,false,false,false,false,false,false,false,false,false,true,false,true,false,false],"unobstructed":[false,false,false,false,false,false,false,false,false,false,false,false,false,false,false,false,false,false,false,false,false,false,false,false,false,false,true,false,true,false,false,false,false,false,false,false,false,false,false,false,false,false,false,false,false,false,false,false,false,false],"height":0.9236353560903199},{"image_id":"fa51cb2051f240d795737cdffeda6178","pose":[0.853316,0.0900434,0.513559,13.6438,-0.511309,-0.0482684,0.85804,3.00155,0.10205,-0.994767,0.0048524,3.34217,0,0,0,1],"included":true,"visible":[false,false,true,false,false,false,true,false,false,false,false,false,false,false,true,false,false,false,false,false,false,false,false,false,false,true,false,false,true,false,true,true,false,false,false,false,false,false,false,false,false,true,false,false,false,true,false,false,false,true],"unobstructed":[false,false,false,false,false,false,false,false,false,false,false,false,false,false,false,false,false,false,false,false,false,false,false,false,false,true,false,false,false,false,false,false,false,false,false,false,false,false,false,false,false,true,false,false,false,false,false,false,false,false],"height":1.1602327930594285},{"image_id":"eac917cfb08842be82d8f5455434f74b","pose":[-0.828699,-0.00196698,0.55969,4.82265,-0.559633,-0.0118581,-0.828655,-2.79359,0.00826701,-0.999927,0.00872664,-1.24698,0,0,0,1],"included":true,"visible":[false,false,true,false,false,false,false,false,false,true,false,false,true,false,true,false,false,false,true,false,false,true,false,false,false,false,false,false,false,false,false,true,false,false,true,false,false,false,false,false,false,false,false,false,false,true,false,false,false,false],"unobstructed":[false,false,false,false,false,false,false,false,false,false,false,false,false,false,false,false,false,false,false,false,false,false,false,false,false,false,false,false,false,false,false,true,false,false,true,false,false,false,false,false,false,false,false,false,false,false,false,false,false,false],"height":0.9478904584175634},{"image_id":"0aa7d38c4a904859b548bd69f4691106","pose":[0.999075,0.041682,0.0105144,11.2584,-0.00888893,-0.0389904,0.9992,2.58584,0.0420588,-0.998369,-0.0385832,2.0516,0,0,0,1],"included":true,"visible":[false,true,true,false,false,false,false,false,false,false,false,false,false,false,false,false,true,true,false,false,false,true,false,false,false,true,true,false,false,false,false,false,true,false,true,false,false,false,false,false,false,false,false,false,false,false,false,true,false,false],"unobstructed":[false,true,false,false,false,false,false,false,false,false,false,false,false,false,false,false,false,false,false,false,false,false,false,true,false,true,false,false,false,false,false,false,false,false,false,false,false,false,false,false,false,false,false,false,false,false,false,false,false,false],"height":1.1897160622963818},{"image_id":"fddca3fc457d4514a832025de148d6cd","pose":[-0.593422,0.00188051,0.804889,5.5645,-0.804715,-0.0223028,-0.593242,3.00126,0.0168359,-0.999749,0.0147489,4.08295,0,0,0,1],"included":true,"visible":[false,false,false,false,false,false,false,false,false,false,false,false,false,false,false,false,false,false,false,false,true,false,false,false,false,false,false,false,false,false,false,false,false,false,false,false,false,false,false,false,false,false,false,false,false,false,false,false,false,false],"unobstructed":[false,false,false,false,false,false,false,false,false,false,false,false,false,false,false,false,false,false,false,false,true,false,false,false,false,false,false,false,false,false,false,false,false,false,false,false,false,false,false,false,false,false,false,false,false,false,false,false,false,false],"height":1.1376788359013883},{"image_id":"b9152c697f4c4a2fb4eef96ed220b484","pose":[-0.209956,0.0146825,0.9776,10.1366,-0.977167,-0.0364767,-0.209316,1.01618,0.0325865,-0.999226,0.0220064,4.06641,0,0,0,1],"included":true,"visible":[true,false,false,false,false,false,true,false,false,false,false,false,false,false,false,false,false,false,false,false,false,false,false,false,false,true,true,false,false,false,false,false,true,false,false,false,false,false,false,false,false,true,false,false,false,false,false,true,false,true],"unobstructed":[false,false,false,false,false,false,true,false,false,false,false,false,false,false,false,false,false,false,false,false,false,false,false,false,false,false,false,false,false,false,false,false,false,false,false,false,false,false,false,false,false,true,false,false,false,false,false,false,false,true],"height":1.142411600087362},{"image_id":"157ae59bfdf04cf5ba5785dde25b039e","pose":[-0.794176,0.00204918,0.607683,5.58285,-0.60768,-0.00733299,-0.794147,-2.81789,0.00282899,-0.999971,0.00706956,-0.714053,0,0,0,1],"included":true,"visible":[false,false,true,true,false,false,false,false,false,true,false,false,true,false,true,false,false,false,true,false,false,true,false,true,false,false,false,true,true,false,false,false,false,false,true,false,false,false,false,false,false,false,false,false,false,false,false,false,false,false],"unobstructed":[false,false,false,false,false,false,false,false,false,true,false,false,false,false,false,false,false,false,false,false,false,false,false,false,false,false,false,true,false,false,false,false,false,false,false,false,false,false,false,false,false,false,false,false,false,false,false,false,false,false],"height":0.9067172228475606},{"image_id":"a5e69ef92c7b4b8d9804a444e919e230","pose":[0.113199,0.0169053,-0.993428,14.9852,0.993496,0.0104507,0.113385,-1.99002,0.012299,-0.999802,-0.0156117,1.10337,0,0,0,1],"included":true,"visible":[false,true,false,false,false,false,false,true,false,false,false,false,false,false,false,false,false,false,false,false,false,false,false,true,false,false,false,false,true,false,false,false,false,false,false,false,false,false,false,false,false,false,false,false,false,false,false,true,true,false],"unobstructed":[false,true,false,false,false,false,false,true,false,false,false,false,false,false,false,false,false,false,false,false,false,false,false,true,false,false,false,false,false,false,false,false,false,false,false,false,false,false,false,false,false,false,false,false,false,false,false,true,false,false],"height":1.0994166609819318},{"image_id":"9594700e2d354cc89c318b8df7ac29b1","pose":[0.0844275,0.0312933,0.995938,7.39395,-0.996136,-0.0215717,0.085122,-0.10945,0.024148,-0.999277,0.0293518,4.06508,0,0,0,1],"included":true,"visible":[true,false,false,false,true,false,true,false,false,false,false,false,false,false,false,true,false,false,false,false,true,false,true,false,false,false,false,false,false,false,false,false,false,false,false,false,false,false,true,false,false,true,true,false,true,false,true,false,false,true],"unobstructed":[false,false,false,false,true,false,true,false,false,false,false,false,false,false,false,false,false,false,false,false,true,false,false,false,false,false,false,false,false,false,false,false,false,false,false,false,false,false,false,false,false,false,false,false,true,false,true,false,false,false],"height":1.1469459661168564},{"image_id":"333d8508b2854c169ecdfa509cb0f068","pose":[-0.611487,-0.0220583,-0.790947,3.58425,0.791166,-0.00217028,-0.611596,-2.70576,0.0117744,-0.999754,0.0187795,-1.77149,0,0,0,1],"included":true,"visible":[false,false,false,true,false,false,false,false,false,false,false,false,true,false,true,false,false,false,true,false,false,true,false,false,false,true,false,true,false,false,false,true,false,false,false,false,false,false,false,false,false,false,false,false,false,false,false,false,false,false],"unobstructed":[false,false,false,false,false,false,false,false,false,false,false,false,false,false,false,false,false,false,false,false,false,true,false,false,false,false,false,true,false,false,false,false,false,false,false,false,false,false,false,false,false,false,false,false,false,false,false,false,false,false],"height":1.1443278292792591},{"image_id":"796a7cec3a9648a097bfe3a76587513f","pose":[0.0252156,0.00926446,0.999639,19.6456,-0.999678,-0.00238844,0.0252387,-1.67156,0.0026216,-0.999954,0.00920188,-2.11436,0,0,0,1],"included":true,"visible":[false,false,false,false,false,false,false,false,false,false,false,false,false,false,false,false,false,false,false,true,false,false,false,false,false,false,false,false,false,false,false,false,false,false,false,false,false,false,false,false,false,false,false,false,false,false,false,false,false,false],"unobstructed":[false,false,false,false,false,false,false,false,true,false,false,false,false,false,false,false,false,false,false,true,false,false,false,false,false,false,false,false,false,false,false,false,false,false,false,false,false,false,false,false,false,false,false,false,false,false,false,false,false,false],"height":1.1338283816318646},{"image_id":"d98247d9b9724eb9a730a1a5d9f1536a","pose":[0.329843,0.0402771,0.943176,16.6066,-0.943556,-0.0177509,0.330734,-2.49939,0.0300634,-0.99903,0.0321494,4.12074,0,0,0,1],"included":true,"visible":[false,false,false,false,false,true,false,false,false,false,false,true,false,false,false,false,false,false,false,false,false,false,false,false,false,false,false,false,false,false,false,false,false,false,false,false,false,true,false,false,false,false,false,false,false,false,false,false,false,false],"unobstructed":[false,false,false,false,false,false,false,false,false,false,false,true,false,false,false,false,false,false,false,false,false,false,false,false,false,false,false,false,false,false,false,false,false,false,false,false,false,true,false,false,false,false,false,false,false,false,false,false,false,false],"height":1.138437786454709},{"image_id":"c18f83b284d041abba9a6afa23d2ebf8","pose":[0.918087,-0.00292431,-0.396366,19.7568,0.396313,0.0246433,0.917784,-2.51406,0.00708408,-0.999692,0.0237843,4.12435,0,0,0,1],"included":true,"visible":[true,false,false,false,false,false,false,false,false,false,false,false,false,false,false,false,false,false,false,false,false,false,false,false,false,false,false,false,false,false,false,false,false,false,false,false,true,false,false,false,false,false,false,false,false,false,false,false,false,false],"unobstructed":[false,false,false,false,false,false,false,false,false,false,false,true,false,false,false,false,false,false,false,false,false,false,false,false,false,false,false,false,false,false,false,false,false,false,false,false,true,false,false,false,false,false,false,false,false,false,false,false,false,false],"height":1.1406008264458833},{"image_id":"f3fb79361ba64ba3b4d5c2160f4d4f1f","pose":[0.000253087,0.00670358,-0.999977,5.5149,0.999999,-0.000796578,0.00024788,-0.0321651,-0.000794697,-0.999977,-0.00670316,4.04075,0,0,0,1],"included":true,"visible":[false,false,false,false,false,false,true,false,false,false,false,false,false,false,false,true,false,false,false,false,false,false,true,false,false,false,false,false,false,false,false,false,false,true,false,false,false,false,false,false,false,false,true,false,false,false,true,false,false,false],"unobstructed":[false,false,false,false,false,false,false,false,false,false,false,false,false,false,false,false,false,false,false,false,false,false,false,false,false,false,false,false,false,false,false,false,false,false,false,false,false,false,false,false,false,false,true,false,false,false,true,false,false,false],"height":1.124392561237312},{"image_id":"4ab7185168cc482bb745b7de90029bf3","pose":[0.949438,0.022045,0.313179,14.8835,-0.312335,-0.0348431,0.949332,2.05847,0.0318403,-0.999149,-0.0261954,1.1139,0,0,0,1],"included":true,"visible":[false,true,false,false,false,false,false,false,false,false,false,false,false,false,false,false,false,false,false,false,false,false,false,true,true,false,false,false,false,false,false,false,false,false,false,false,false,false,false,false,false,false,false,true,false,false,false,false,false,false],"unobstructed":[false,true,false,false,false,false,false,false,false,false,false,false,false,false,false,false,false,false,false,false,false,false,false,false,true,false,false,false,false,false,false,false,false,false,false,false,false,false,false,false,false,false,false,false,false,false,false,false,false,false],"height":1.1078839637688402},{"image_id":"9f140cae53d74624a23587631c8d0478","pose":[0.997768,0.0184684,0.0641595,18.6111,-0.0647472,0.0332157,0.997348,2.81977,0.0162885,-0.999277,0.034338,4.08919,0,0,0,1],"included":true,"visible":[true,false,false,false,false,true,false,false,false,false,true,false,false,false,false,false,false,false,false,false,false,false,false,false,false,false,false,false,false,false,false,false,false,false,false,false,false,false,false,false,false,false,false,false,false,false,false,false,false,false],"unobstructed":[false,false,false,false,false,true,false,false,false,false,true,false,false,false,false,false,false,false,false,false,false,false,false,false,false,false,false,false,false,false,false,false,false,false,false,false,false,false,false,false,false,false,false,false,false,false,false,false,false,false],"height":1.1297718966114143},{"image_id":"12c934ed973740efbdbe207ab3a064d3","pose":[0.6149,0.0184854,0.788387,13.8657,-0.786747,-0.0541812,0.614892,1.27889,0.0540825,-0.99836,-0.0187721,4.08779,0,0,0,1],"included":true,"visible":[false,false,false,false,false,false,true,false,false,false,false,false,false,false,false,false,false,false,false,false,false,false,false,false,false,true,true,false,false,false,true,false,false,true,false,false,false,false,false,false,false,false,false,false,false,false,false,false,false,true],"unobstructed":[false,false,false,false,false,false,true,false,false,false,false,false,false,false,false,false,false,false,false,false,false,false,false,false,false,false,true,false,false,false,true,false,false,false,false,false,false,false,false,false,false,false,false,false,false,false,false,false,false,true],"height":1.1451215456697454},{"image_id":"2e9912cb8d1842f88aff7bb59bdcbf5d","pose":[-0.270462,0.0255752,-0.962391,4.22726,0.962721,0.00292324,-0.270477,0.00200996,-0.00410399,-0.999668,-0.0254118,4.03074,0,0,0,1],"included":true,"visible":[false,false,false,false,false,false,true,false,false,false,false,false,false,false,false,true,false,false,false,false,false,false,true,false,false,false,false,false,false,false,false,false,false,true,false,false,false,false,true,false,false,false,false,false,false,false,true,false,false,false],"unobstructed":[false,false,false,false,false,false,false,false,false,false,false,false,false,false,false,true,false,false,false,false,false,false,false,false,false,false,false,false,false,false,false,false,false,false,false,false,false,false,true,false,false,false,false,false,false,false,false,false,false,false],"height":1.1259075925279687},{"image_id":"d9a5041cfe7042dcbd89101799e8bc8f","pose":[0.756207,0.00515491,0.654312,19.7842,-0.653434,-0.0464227,0.755558,2.27782,0.03427,-0.998908,-0.0317362,1.11116,0,0,0,1],"included":true,"visible":[false,true,false,false,false,false,false,false,false,false,false,false,false,true,false,false,false,false,false,false,false,false,false,false,true,false,false,false,false,false,false,false,false,false,false,false,false,false,false,true,false,false,false,false,false,false,false,false,true,false],"unobstructed":[false,false,false,false,false,false,false,false,false,false,false,false,false,true,false,false,false,false,false,false,false,false,false,false,true,false,false,false,false,false,false,false,false,false,false,false,false,false,false,false,false,false,false,false,false,false,false,false,false,false],"height":1.1065756165928573},{"image_id":"95a7711cf04e4681858182530de24d12","pose":[-0.360618,0.00778692,-0.932681,5.6698,0.932678,-0.00570229,-0.360664,-2.81013,-0.00812667,-0.999953,-0.00520572,4.04455,0,0,0,1],"included":true,"visible":[false,false,false,false,true,false,false,false,false,false,false,false,false,false,false,false,false,false,false,false,false,false,false,false,false,false,false,false,false,false,false,false,false,true,false,false,false,false,false,false,false,false,false,false,false,false,false,false,false,false],"unobstructed":[false,false,false,false,true,false,false,false,false,false,false,false,false,false,false,false,false,false,false,false,false,false,false,false,false,false,false,false,false,false,false,false,false,true,false,false,false,false,false,false,false,false,false,false,false,false,false,false,false,false],"height":1.120004917529302},{"image_id":"7458e0a2cb7e4ce3b7c85fe452ac4dbc","pose":[-0.135386,-0.0179855,-0.990629,2.72445,0.99073,0.00871107,-0.135558,0.00987714,0.0110677,-0.9998,0.0166401,-2.1547,0,0,0,1],"included":true,"visible":[false,false,false,false,false,false,false,false,true,false,false,false,true,false,true,false,true,true,true,false,false,true,false,false,false,true,false,true,false,false,false,true,false,false,false,false,false,false,false,false,false,false,false,false,false,false,false,false,false,false],"unobstructed":[false,false,false,false,false,false,false,false,false,false,false,false,false,false,true,false,true,true,false,false,false,true,false,false,false,false,false,false,false,false,false,false,false,false,false,false,false,false,false,false,false,false,false,false,false,false,false,false,false,false],"height":1.1178622790208799},{"image_id":"d1ca17ceba9045d8b65ac93f8d3cdaf1","pose":[-0.111476,0.00459794,-0.993756,6.41567,0.993761,-0.00279742,-0.111489,-0.0350035,-0.00329238,-0.999985,-0.00425679,4.03629,0,0,0,1],"included":true,"visible":[false,false,false,false,false,false,true,false,false,false,false,false,false,false,false,true,false,false,false,false,false,false,true,false,false,false,false,false,false,false,false,false,false,true,false,false,false,false,true,false,false,false,true,false,false,false,false,false,false,false],"unobstructed":[false,false,false,false,false,false,false,false,false,false,false,false,false,false,false,false,false,false,false,false,false,false,false,false,false,false,false,false,false,false,false,false,false,true,false,false,false,false,true,false,false,false,false,false,false,false,false,false,false,false],"height":1.1235665858960107},{"image_id":"7e25da3804064036b06f806caf9f1e62","pose":[-0.0833781,-0.00735401,-0.99649,13.4901,0.995233,0.0501473,-0.0836428,-1.5254,0.0505866,-0.998714,0.0031384,1.10374,0,0,0,1],"included":true,"visible":[false,true,false,false,false,false,false,true,false,true,false,false,false,false,false,fal