[{"image_id":"61cac35d27254f8b8edba9601c4f8b5f","pose":[-0.0381667,-0.00673051,-0.999249,-13.4854,0.998929,0.0259592,-0.0383294,2.37312,0.0261975,-0.999641,0.00573183,1.54629,0,0,0,1],"included":true,"visible":[false,false,false,false,false,false,false,false,false,false,false,false,false,false,true,false,false,false,false,false,false,false,false,false,false,false,false,false,false,false,false,false,false,false,false,false,false,false,false,false,false,false,false,false,false,false,false,false,true,true,false,false,false,false,false,false,false,false,false,false,false,false,false,false,false,false,false,false,true,false,false,false,false,true,false,true,false,false,false,false,false,false,false,false,false,false,false,false,false,false,false,false,false,false,false,true,false,false,false,false,false,false,false,false,false,false,false,false,false,false],"unobstructed":[false,false,false,false,false,false,false,false,false,false,false,false,false,false,true,false,false,false,false,false,false,false,false,false,false,false,false,false,false,false,false,false,false,false,false,false,false,false,false,false,false,false,false,false,false,false,false,false,true,false,false,false,false,false,false,false,false,false,false,false,false,false,false,false,false,false,false,false,true,false,false,false,false,false,false,false,false,false,false,false,false,false,false,false,false,false,false,false,false,false,false,false,false,false,false,true,false,false,false,false,false,false,false,false,false,false,false,false,false,false],"height":1.5688003806370414},{"image_id":"673ae67937804c42b3c22e93efb5d069","pose":[-0.999679,-0.0252263,-0.00272935,-9.10984,0.00252091,0.00829507,-0.999963,-1.7431,0.0252478,-0.999648,-0.00822949,2.2873,0,0,0,1],"included":true,"visible":[false,false,false,false,false,false,false,false,false,false,false,true,false,false,false,false,false,false,false,false,false,false,false,false,true,false,true,false,false,false,false,false,false,false,false,false,false,false,false,false,false,false,true,false,true,true,false,false,false,false,false,false,false,false,false,false,false,false,false,false,false,false,false,false,false,false,false,false,false,false,true,true,false,false,false,false,false,false,false,false,true,false,false,false,false,false,false,false,false,false,false,false,false,false,true,false,false,false,false,false,false,false,false,false,true,false,false,false,false,false],"unobstructed":[false,false,false,false,false,false,false,false,false,false,false,false,false,false,false,false,false,false,false,false,false,false,false,false,false,false,false,false,false,false,false,false,false,false,false,false,false,false,false,false,false,false,false,false,false,false,false,false,false,false,false,false,false,false,false,false,false,false,false,false,false,false,false,false,false,false,false,false,false,false,true,true,false,false,false,false,false,false,false,false,false,false,false,false,false,false,false,false,false,false,false,false,false,false,false,false,false,false,false,false,false,false,false,false,false,false,false,false,false,false],"height":1.361630528334025},{"image_id":"5b821a3b87cd4ed3a7c4414199a0a740","pose":[-0.067908,-0.00268225,0.997689,-10.0275,-0.997619,-0.011924,-0.0679351,3.00935,0.0120785,-0.999926,-0.00186682,4.42712,0,0,0,1],"included":true,"visible":[false,false,false,true,false,false,false,false,false,false,false,false,true,false,false,false,false,false,false,false,false,true,false,false,false,false,false,false,false,false,false,false,false,false,false,true,false,false,true,true,false,false,false,false,false,false,false,false,false,false,true,true,false,false,false,true,false,false,false,false,false,false,false,true,false,false,false,true,false,false,false,false,false,false,false,false,true,false,false,false,false,true,false,false,false,true,false,true,false,false,false,false,false,false,false,false,false,false,false,false,false,false,false,false,false,false,false,false,false,false],"unobstructed":[false,false,false,false,false,false,false,false,false,false,false,false,true,false,false,false,false,false,false,false,false,false,true,false,false,false,false,false,false,false,false,false,false,false,false,true,false,false,false,false,false,false,false,false,false,false,false,false,false,false,false,false,false,false,false,false,false,false,false,false,false,false,false,false,false,false,false,true,false,false,false,false,false,false,false,false,false,false,false,false,false,true,false,false,false,false,false,true,false,false,false,false,false,false,false,false,false,false,false,false,false,false,false,false,false,false,false,false,false,false],"height":1.5655964381121321},{"image_id":"584c7c4b1e5a4b2aa4f6c0457d8336e8","pose":[-0.999525,-0.018299,-0.0248311,-10.3133,0.02482,0.000840719,-0.999692,-1.3858,0.0183141,-0.999833,-0.000386826,4.46718,0,0,0,1],"included":true,"visible":[false,false,true,false,false,false,false,false,false,false,false,false,false,false,false,false,false,false,false,false,false,true,false,false,false,false,false,false,false,false,false,false,false,false,false,true,false,false,true,true,false,false,false,false,false,false,false,false,false,false,false,true,false,false,false,true,true,false,false,false,false,false,false,true,false,false,false,false,false,false,false,false,false,false,false,false,true,false,false,false,false,true,false,false,false,true,false,false,false,false,false,false,false,false,false,false,false,false,true,false,false,false,false,false,false,false,false,false,false,false],"unobstructed":[false,false,false,false,false,false,false,false,false,false,false,false,false,false,false,false,false,false,false,false,false,false,false,false,false,false,false,false,false,false,false,false,false,false,false,false,false,false,false,true,false,false,false,false,false,false,false,false,false,false,false,true,false,false,false,false,false,false,false,false,false,false,false,false,false,false,false,false,false,false,false,false,false,false,false,false,false,false,false,false,false,false,false,false,false,false,false,false,false,false,false,false,false,false,false,false,false,false,true,false,false,false,false,false,false,false,false,false,false,false],"height":1.6035927142798894},{"image_id":"4545f7a0d918401ebccdb6716a5f1fce","pose":[0.121667,0.00562146,0.992556,-8.67173,-0.992527,-0.00876318,0.121714,1.54944,0.00938193,-0.999946,0.00451257,1.55286,0,0,0,1],"included":true,"visible":[false,false,false,false,false,false,false,false,false,true,false,false,false,false,false,false,true,true,false,true,false,false,false,false,false,false,false,false,false,false,false,false,false,false,false,false,false,false,false,false,false,false,false,true,false,false,false,false,false,false,false,false,false,false,false,false,false,false,false,true,true,false,false,false,false,false,false,false,false,false,false,false,false,true,false,false,false,false,false,false,false,false,false,false,false,false,true,false,false,false,false,false,false,false,false,false,false,false,false,false,false,false,true,false,false,false,true,false,false,false],"unobstructed":[false,false,false,false,false,false,false,false,false,true,false,false,false,false,false,false,true,false,false,true,false,false,false,false,false,false,false,false,false,false,false,false,false,false,false,false,false,false,false,false,false,false,false,true,false,false,false,false,false,false,false,false,false,false,false,false,false,false,false,false,true,false,false,false,false,false,false,false,false,false,false,false,false,false,false,false,false,false,false,false,false,false,false,false,false,false,true,false,false,false,false,false,false,false,false,false,false,false,false,false,false,false,true,false,false,false,true,false,false,false],"height":1.5828851557404517},{"image_id":"1e597325e01d4a9aa332e92abc455414","pose":[-0.997143,-0.011386,-0.0746759,-0.361484,0.0746116,0.00599229,-0.997195,-5.22644,0.0118013,-0.999918,-0.00512634,1.55571,0,0,0,1],"included":true,"visible":[false,false,false,false,false,false,false,false,false,false,true,false,false,false,false,false,false,false,false,false,false,false,false,false,false,false,false,false,false,false,false,false,false,false,false,false,true,false,false,false,false,false,false,false,false,false,false,false,false,false,false,false,false,true,false,false,false,true,false,false,false,false,false,false,false,false,false,false,false,false,false,false,false,false,false,false,false,false,false,false,false,false,false,false,false,false,false,false,false,false,false,false,false,false,false,false,false,false,false,false,false,false,false,false,false,false,false,false,false,false],"unobstructed":[false,false,false,false,false,false,false,false,false,false,false,false,false,false,false,false,false,false,false,false,false,false,false,false,false,false,false,false,false,false,false,false,false,false,false,false,true,false,false,false,false,false,false,false,false,false,false,false,false,false,false,false,false,true,false,false,false,false,false,false,false,false,false,false,false,false,false,false,false,false,false,false,false,false,false,false,false,false,false,false,false,false,false,false,false,false,false,false,false,false,false,false,false,false,false,false,false,false,false,false,false,false,false,false,false,false,false,false,false,false],"height":1.5841625284989107},{"image_id":"6a10ae81330345f794a55f2d96a86ea6","pose":[0.997517,0.0178512,-0.0681434,-10.6705,0.0682519,-0.00554982,0.997653,0.185788,0.0174309,-0.999826,-0.0067551,1.52525,0,0,0,1],"included":true,"visible":[false,false,false,false,false,false,false,false,false,true,false,false,false,false,false,false,false,false,false,true,false,false,false,false,false,false,false,false,false,false,false,false,false,false,false,false,false,false,false,false,false,false,true,false,false,true,false,true,false,false,false,false,false,false,false,false,false,false,false,false,false,false,false,false,false,false,true,false,false,false,false,false,false,false,false,false,false,false,false,false,true,false,false,false,false,false,true,false,false,false,false,false,false,false,true,false,false,false,false,false,false,false,false,false,false,false,false,false,false,false],"unobstructed":[false,false,false,false,false,false,false,false,false,true,false,false,false,false,false,false,false,false,false,true,false,false,false,false,false,false,false,false,false,false,false,false,false,false,false,false,false,false,false,false,false,false,false,false,false,false,false,true,false,false,false,false,false,false,false,false,false,false,false,false,false,false,false,false,false,false,false,false,false,false,false,false,false,false,false,false,false,false,false,false,false,false,false,false,false,false,true,false,false,false,false,false,false,false,false,false,false,false,false,false,false,false,false,false,false,false,false,false,false,false],"height":1.5664135882869339},{"image_id":"d97dee547dac432094720d127b49b347","pose":[0.564771,0.0102172,-0.825185,-11.1922,0.825196,0.0042746,0.564831,-4.24979,0.00929813,-0.999939,-0.00601772,4.45956,0,0,0,1],"included":true,"visible":[false,false,false,false,false,false,false,false,false,false,false,false,false,false,false,false,false,false,false,false,false,true,false,false,false,false,false,false,false,false,false,false,false,false,false,false,false,false,false,false,false,false,false,false,false,false,false,false,false,false,false,true,true,false,false,false,true,false,false,false,false,false,false,true,false,false,false,false,false,false,false,false,false,false,false,false,true,false,false,false,false,false,true,false,false,false,false,false,false,false,false,false,false,false,false,false,false,false,false,false,false,false,false,false,false,false,false,false,false,false],"unobstructed":[false,false,false,false,false,false,false,false,false,false,false,false,false,false,false,false,false,false,false,false,false,true,false,false,false,false,false,false,false,false,false,false,false,false,false,false,false,false,false,false,false,false,false,false,false,false,false,false,false,false,false,true,true,false,false,false,true,false,false,false,false,false,false,true,false,false,false,false,false,false,false,false,false,false,false,false,true,false,false,false,false,false,true,false,false,false,false,false,false,false,false,false,false,false,false,false,false,false,false,false,false,false,false,false,false,false,false,false,false,false],"height":1.5694482360162816},{"image_id":"8f25ebb1c23d4fddb035eb336426d5fa","pose":[-0.999662,-0.0193313,-0.0174399,-3.58485,0.0172156,0.011717,-0.999784,0.771392,0.0195312,-0.999745,-0.0113809,4.31936,0,0,0,1],"included":true,"visible":[false,false,false,false,false,false,false,false,false,false,false,false,false,false,false,true,false,false,false,false,true,false,false,false,false,false,false,false,false,false,false,true,false,true,true,true,false,false,false,false,false,false,false,false,false,false,false,false,false,false,false,false,false,false,false,false,false,false,false,false,false,false,false,false,false,false,false,false,false,false,false,false,true,false,false,false,false,false,false,false,false,false,false,false,true,true,false,false,true,false,false,false,false,false,false,false,false,true,false,false,false,false,false,false,false,true,false,false,true,false],"unobstructed":[false,false,false,false,false,false,false,false,false,false,false,false,false,false,false,true,false,false,false,false,false,false,false,false,false,false,false,false,false,false,false,false,false,true,true,false,false,false,false,false,false,false,false,false,false,false,false,false,false,false,false,false,false,false,false,false,false,false,false,false,false,false,false,false,false,false,false,false,false,false,false,false,false,false,false,false,false,false,false,false,false,false,false,false,true,false,false,false,true,false,false,false,false,false,false,false,false,false,false,false,false,false,false,false,false,true,false,false,false,false],"height":1.445090993155909},{"image_id":"1f7f69e3874c48b8b9caf0548240603f","pose":[0.653466,0.00824326,0.756912,-10.461,-0.756883,-0.00684227,0.653515,1.44875,0.0105659,-0.999943,0.00176731,1.54325,0,0,0,1],"included":true,"visible":[false,false,false,false,true,false,true,false,false,false,false,false,false,false,false,false,true,true,false,true,false,false,false,false,false,false,false,false,false,false,false,false,false,false,false,false,false,false,false,false,false,false,true,false,false,true,false,true,false,false,false,false,false,false,false,false,false,false,false,false,true,false,false,false,false,false,true,false,false,false,false,false,false,false,false,false,false,false,false,false,true,false,false,false,false,false,true,false,false,false,false,false,false,false,true,false,false,false,false,false,false,false,false,false,false,false,false,false,false,false],"unobstructed":[false,false,false,false,true,false,true,false,false,false,false,false,false,false,false,false,false,false,false,true,false,false,false,false,false,false,false,false,false,false,false,false,false,false,false,false,false,false,false,false,false,false,false,false,false,false,false,true,false,false,false,false,false,false,false,false,false,false,false,false,false,false,false,false,false,false,false,false,false,false,false,false,false,false,false,false,false,false,false,false,false,false,false,false,false,false,true,false,false,false,false,false,false,false,false,false,false,false,false,false,false,false,false,false,false,false,false,false,false,false],"height":1.583705106546206},{"image_id":"2ea5348654d24115bba3dcdb21fa655e","pose":[-0.984997,-0.00630524,-0.172462,2.39274,0.172462,0.00049871,-0.985016,-5.07725,0.00629656,-0.99998,0.000595499,1.55071,0,0,0,1],"included":true,"visible":[false,false,false,false,false,true,false,false,false,false,false,false,false,false,false,false,false,false,false,false,false,false,false,false,false,false,false,true,false,false,false,false,false,false,false,false,true,false,false,false,false,false,false,false,false,false,false,false,false,false,false,false,false,true,false,false,false,true,false,false,false,false,false,false,false,false,false,false,false,false,false,false,false,false,false,false,false,false,false,false,false,false,false,false,false,false,false,false,false,false,false,false,false,false,false,false,false,false,false,false,false,false,false,false,false,false,false,false,false,false],"unobstructed":[false,false,false,false,false,false,false,false,false,false,false,false,false,false,false,false,false,false,false,false,false,false,false,false,false,false,false,true,false,false,false,false,false,false,false,false,false,false,false,false,false,false,false,false,false,false,false,false,false,false,false,false,false,false,false,false,false,true,false,false,false,false,false,false,false,false,false,false,false,false,false,false,false,false,false,false,false,false,false,false,false,false,false,false,false,false,false,false,false,false,false,false,false,false,false,false,false,false,false,false,false,false,false,false,false,false,false,false,false,false],"height":1.573952557646377},{"image_id":"32fb55017460457cbe0b8d1790a54786","pose":[0.790189,0.00643974,0.612831,-9.11766,-0.612786,-0.00769929,0.790212,-3.4029,0.00980691,-0.99995,-0.00213839,1.54814,0,0,0,1],"included":true,"visible":[false,true,false,false,false,false,false,false,false,false,false,false,false,false,false,false,false,false,false,false,false,false,false,true,true,false,true,false,false,false,false,false,false,false,false,false,false,false,false,false,false,false,true,false,false,true,false,false,false,false,false,false,false,false,false,false,false,false,false,false,false,false,true,false,false,true,false,false,false,false,true,true,false,false,false,false,false,false,false,false,true,false,false,false,false,false,false,false,false,false,false,true,false,false,true,false,false,false,false,false,false,false,false,false,true,false,false,false,false,false],"unobstructed":[false,false,false,false,false,false,false,false,false,false,false,false,false,false,false,false,false,false,false,false,false,false,false,true,true,false,false,false,false,false,false,false,false,false,false,false,false,false,false,false,false,false,false,false,false,true,false,false,false,false,false,false,false,false,false,false,false,false,false,false,false,false,false,false,false,false,false,false,false,false,true,false,false,false,false,false,false,false,false,false,true,false,false,false,false,false,false,false,false,false,false,true,false,false,true,false,false,false,false,false,false,false,false,false,false,false,false,false,false,false],"height":1.5618056747417746},{"image_id":"8388153c198e4e4fb75cd8d0fd96d8a2","pose":[0.0598942,-0.00481709,0.998194,-11.3948,-0.99805,-0.0179691,0.0597989,5.73824,0.0176483,-0.999827,-0.00588463,4.43401,0,0,0,1],"included":true,"visible":[false,false,true,false,false,false,false,false,false,false,false,false,false,true,false,false,false,false,false,false,false,false,true,false,false,false,false,false,false,false,false,false,false,false,false,true,false,false,false,false,false,false,false,false,false,false,false,false,false,false,true,false,false,false,false,false,false,false,false,false,false,false,false,false,false,false,false,true,false,false,false,false,false,false,false,false,false,false,false,false,false,true,false,false,false,false,false,true,false,false,false,false,false,false,false,false,false,false,false,false,false,false,false,false,false,false,false,false,false,false],"unobstructed":[false,false,true,false,false,false,false,false,false,false,false,false,false,true,false,false,false,false,false,false,false,false,true,false,false,false,false,false,false,false,false,false,false,false,false,true,false,false,false,false,false,false,false,false,false,false,false,false,false,false,true,false,false,false,false,false,false,false,false,false,false,false,false,false,false,false,false,true,false,false,false,false,false,false,false,false,false,false,false,false,false,true,false,false,false,false,false,false,false,false,false,false,false,false,false,false,false,false,false,false,false,false,false,false,false,false,false,false,false,false],"height":1.5710700772827626},{"image_id":"6a876090f6f34eb59bc03a68df7137b5","pose":[-0.4077,-0.0177538,0.912944,-8.86848,-0.912971,-0.0099746,-0.407905,7.30704,0.0163479,-0.999793,-0.0121428,4.44697,0,0,0,1],"included":true,"visible":[false,false,true,true,false,false,false,false,false,false,false,false,false,false,false,false,false,false,false,false,false,false,true,false,false,false,false,false,false,false,false,false,false,false,false,true,false,false,true,true,false,false,false,false,false,false,false,false,false,false,true,false,false,false,false,true,false,false,false,false,false,false,false,false,false,false,false,true,false,false,false,false,false,false,false,false,false,false,false,false,false,false,false,false,false,true,false,true,false,false,false,false,false,false,false,false,false,false,false,false,false,false,false,false,false,false,false,false,false,false],"unobstructed":[false,false,false,false,false,false,false,false,false,false,false,false,true,false,false,false,false,false,false,false,false,false,true,false,false,false,false,false,false,false,false,false,false,false,false,false,false,false,false,false,false,false,false,false,false,false,false,false,false,false,false,false,false,false,false,false,false,false,false,false,false,false,false,false,false,false,false,true,false,false,false,false,false,false,false,false,false,false,false,false,false,false,false,false,false,false,false,false,false,false,false,false,false,false,false,false,false,false,false,false,false,false,false,false,false,false,false,false,false,false],"height":1.5525850541834796},{"image_id":"674b3b6705604a4c8b89182edee11e54","pose":[-0.0449201,-0.0139258,0.998894,-13.4055,-0.998913,-0.011895,-0.0450866,3.18894,0.0125095,-0.999833,-0.013377,1.55071,0,0,0,1],"included":true,"visible":[true,false,false,false,false,false,false,false,false,false,false,false,false,false,false,false,false,false,false,false,false,false,false,false,false,false,false,false,false,false,false,false,false,false,false,false,false,false,false,false,false,false,false,false,false,false,false,false,false,true,false,false,false,false,false,false,false,false,false,false,false,false,false,false,false,false,false,false,true,false,false,false,false,true,false,true,false,false,false,false,false,false,false,false,false,false,false,false,false,false,false,false,false,false,false,true,false,false,false,false,false,false,false,false,false,false,true,false,false,false],"unobstructed":[true,false,false,false,false,false,false,false,false,false,false,false,false,false,false,false,false,false,false,false,false,false,false,false,false,false,false,false,false,false,false,false,false,false,false,false,false,false,false,false,false,false,false,false,false,false,false,false,false,false,false,false,false,false,false,false,false,false,false,false,false,false,false,false,false,false,false,false,false,false,false,false,false,true,false,false,false,false,false,false,false,false,false,false,false,false,false,false,false,false,false,false,false,false,false,true,false,false,false,false,false,false,false,false,false,false,false,false,false,false],"height":1.5682232968085619},{"image_id":"53d4ad8fb39a4cd8bc03b9d585698a93","pose":[-0.869566,-0.0161219,-0.493554,-4.92356,0.493351,0.0150556,-0.8697,1.73557,0.0214518,-0.999757,-0.00513876,4.44829,0,0,0,1],"included":true,"visible":[false,false,false,false,false,false,false,false,true,false,false,false,false,false,false,false,false,false,true,false,true,false,false,false,false,true,false,false,false,false,false,false,false,false,true,true,false,true,true,false,false,false,false,false,false,false,false,false,false,false,false,false,false,false,false,true,false,false,false,false,false,false,false,false,false,false,false,false,false,false,false,false,true,false,false,false,false,false,false,true,false,false,false,false,false,true,false,false,false,false,false,false,true,false,false,false,true,false,false,false,false,true,false,false,false,true,false,false,true,true],"unobstructed":[false,false,false,false,false,false,false,false,true,false,false,false,false,false,false,false,false,false,false,false,false,false,false,false,false,false,false,false,false,false,false,false,false,false,true,false,false,false,false,false,false,false,false,false,false,false,false,false,false,false,false,false,false,false,false,false,false,false,false,false,false,false,false,false,false,false,false,false,false,false,false,false,true,false,false,false,false,false,false,true,false,false,false,false,false,false,false,false,false,false,false,false,false,false,false,false,false,false,false,false,false,false,false,false,false,false,false,false,true,false],"height":1.5747962490505598},{"image_id":"8b8c58d65b3049ef8a844f237096b06d","pose":[-0.00205384,0.00294244,-0.999994,-6.29632,0.999899,0.014114,-0.00201227,3.10832,0.0141077,-0.999896,-0.00297181,1.54894,0,0,0,1],"included":true,"visible":[false,false,false,false,true,false,false,false,false,true,false,false,false,false,false,false,false,true,false,true,false,false,false,false,false,false,false,false,false,false,false,false,false,false,false,false,false,false,false,false,false,false,true,true,false,true,false,false,false,false,false,false,false,false,false,false,false,false,true,true,true,false,false,false,false,false,false,false,false,false,false,false,false,false,true,false,false,false,false,false,false,false,false,false,false,false,false,false,false,false,false,false,false,false,false,false,false,false,false,false,false,false,true,false,false,false,false,false,false,false],"unobstructed":[false,false,false,false,true,false,false,false,false,false,false,false,false,false,false,false,false,true,false,false,false,false,false,false,false,false,false,false,false,false,false,false,false,false,false,false,false,false,false,false,false,false,false,true,false,false,false,false,false,false,false,false,false,false,false,false,false,false,true,true,true,false,false,false,false,false,false,false,false,false,false,false,false,false,true,false,false,false,false,false,false,false,false,false,false,false,false,false,false,false,false,false,false,false,false,false,false,false,false,false,false,false,true,false,false,false,false,false,false,false],"height":1.5735168700717281},{"image_id":"f53ff13e8a954c67bda9a46f3e2e88b8","pose":[-0.786086,-0.00590173,0.618089,-5.44267,-0.618091,-0.00177218,-0.786105,3.16755,0.00573453,-0.999981,-0.00225541,1.53113,0,0,0,1],"included":true,"visible":[false,false,false,false,true,false,false,false,false,true,false,false,false,false,false,false,true,false,false,true,false,false,false,false,false,false,false,false,false,false,false,false,false,false,false,false,false,false,false,false,false,false,false,true,false,false,false,false,false,false,false,false,false,false,false,false,false,false,false,true,true,false,false,false,false,false,false,false,false,false,false,false,false,false,true,false,false,false,false,false,false,false,false,false,false,false,false,false,false,false,false,false,false,false,false,false,false,false,false,false,false,false,false,false,false,false,false,false,false,false],"unobstructed":[false,false,false,false,false,false,false,false,false,false,false,false,false,false,false,false,true,false,false,false,false,false,false,false,false,false,false,false,false,false,false,false,false,false,false,false,false,false,false,false,false,true,false,false,false,false,false,false,false,false,false,false,false,false,false,false,false,false,false,true,true,true,false,false,false,false,false,false,false,false,false,false,false,false,true,false,false,false,false,false,false,false,false,false,false,false,false,false,false,false,false,false,false,false,false,false,false,false,false,false,false,false,false,false,false,false,false,false,false,false],"height":1.5724624605377822},{"image_id":"4bb7642a8af44f97acb81190589a3451","pose":[-0.450528,-0.00328422,0.892757,-4.99214,-0.892698,-0.0103936,-0.450537,-1.91963,0.0107584,-0.999941,0.00175011,4.45147,0,0,0,1],"included":true,"visible":[false,false,false,false,false,false,false,false,false,false,false,false,false,false,false,true,false,false,false,false,false,false,false,false,false,false,false,false,false,false,false,false,false,false,true,false,false,true,false,false,false,false,false,false,false,false,true,false,false,false,false,false,false,false,false,false,false,false,false,false,false,false,false,false,false,false,false,false,false,false,false,false,true,false,false,false,false,false,true,true,false,false,false,false,false,false,false,false,false,false,false,false,false,false,false,false,true,false,false,false,false,true,false,false,false,true,false,false,false,true],"unobstructed":[false,false,false,false,false,false,false,false,false,false,false,false,false,false,false,false,false,false,false,false,false,false,false,false,false,false,false,false,false,false,false,false,false,false,false,false,false,true,false,false,false,false,false,false,false,false,true,false,false,false,false,false,false,false,false,false,false,false,false,false,false,false,false,false,false,false,false,false,false,false,false,false,false,false,false,false,false,false,true,false,false,false,false,false,false,false,false,false,false,false,false,false,false,false,false,false,false,false,false,false,false,true,false,false,false,false,false,false,false,true],"height":1.5789561006061574},{"image_id":"5c3c7dfad2b3409182ecaf5535107dc5","pose":[0.999774,0.0181214,-0.0111538,-9.46979,0.011254,-0.0054485,0.999922,1.78035,0.018059,-0.999821,-0.0056519,1.53756,0,0,0,1],"included":true,"visible":[false,false,false,false,true,false,true,false,false,true,false,false,false,false,false,false,true,true,false,false,false,false,false,false,false,false,false,false,false,false,false,false,false,false,false,false,false,false,false,false,false,false,false,true,false,false,false,false,false,true,false,false,false,false,false,false,false,false,false,false,true,false,false,false,false,false,false,false,false,false,false,false,false,false,false,false,false,false,false,false,false,false,false,false,false,false,true,false,false,false,false,false,false,true,false,false,false,false,false,false,false,false,false,false,false,false,true,false,false,false],"unobstructed":[false,false,false,false,true,false,true,false,false,true,false,false,false,false,false,false,false,false,false,false,false,false,false,false,false,false,false,false,false,false,false,false,false,false,false,false,false,false,false,false,false,false,false,true,false,false,false,false,false,false,false,false,false,false,false,false,false,false,false,false,false,false,false,false,false,false,false,false,false,false,false,false,false,false,false,false,false,false,false,false,false,false,false,false,false,false,true,false,false,false,false,false,false,false,false,false,false,false,false,false,false,false,false,false,false,false,false,false,false,false],"height":1.5690958553030958},{"image_id":"3532b1e7ea1646848b710936d4696a5d","pose":[-0.581499,-0.0031845,-0.813542,-8.97178,0.81331,0.0219086,-0.581419,1.50483,0.0196749,-0.999755,-0.0101505,4.44085,0,0,0,1],"included":true,"visible":[false,true,false,false,false,false,false,false,true,false,false,true,false,false,false,true,false,false,false,false,false,false,false,false,false,true,true,false,false,false,false,false,false,false,true,true,false,false,true,false,false,false,true,false,false,true,false,false,false,false,false,false,false,false,false,true,false,false,false,false,false,false,false,false,false,false,false,false,false,false,true,true,true,false,false,false,false,false,false,true,false,false,false,false,true,true,false,false,false,false,false,false,true,false,false,false,false,false,false,false,false,false,false,false,true,false,false,false,true,false],"unobstructed":[false,false,false,false,false,false,false,false,false,false,false,false,false,false,false,false,false,false,false,false,false,false,false,false,false,false,true,false,false,false,false,false,false,false,false,true,false,false,true,false,false,false,false,false,false,false,false,false,false,false,false,false,false,false,false,false,false,false,false,false,false,false,false,false,false,false,false,false,false,false,false,false,false,false,false,false,false,false,false,false,false,false,false,false,false,true,false,false,false,false,false,false,false,false,false,false,false,false,false,false,false,false,false,false,false,false,false,false,true,false],"height":1.577365248861506},{"image_id":"5635036d3bfb483eac283af7bb5ac986","pose":[-0.69031,-0.00612864,-0.723489,-10.3309,0.723366,0.0144297,-0.690315,-5.90213,0.0146702,-0.999877,-0.00552838,4.46194,0,0,0,1],"included":true,"visible":[false,false,true,true,false,false,false,true,false,false,false,false,false,false,false,false,false,false,false,false,false,false,false,false,false,false,false,false,false,false,false,false,false,false,false,true,false,false,true,true,false,false,false,false,false,false,false,false,false,false,false,true,true,false,false,true,true,false,false,false,false,false,false,true,false,false,false,false,false,false,false,false,false,false,false,false,true,false,false,false,false,true,false,false,false,true,false,false,false,false,false,false,false,false,false,false,false,false,false,false,false,false,false,false,false,false,false,false,false,false],"unobstructed":[false,false,false,false,false,false,false,true,false,false,false,false,false,false,false,false,false,false,false,false,false,false,false,false,false,false,false,false,false,false,false,false,false,false,false,false,false,false,false,false,false,false,false,false,false,false,false,false,false,false,false,false,false,false,false,false,true,false,false,false,false,false,false,true,false,false,false,false,false,false,false,false,false,false,false,false,false,false,false,false,false,false,true,false,false,false,false,false,false,false,false,false,false,false,false,false,false,false,false,false,false,false,false,false,false,false,false,false,false,false],"height":1.5726974576847557},{"image_id":"f1b5f89d2b0a46449f374351c1579c80","pose":[-0.999804,-0.0148522,-0.0131445,-10.2478,0.0131074,0.0025986,-0.999911,7.06236,0.0148848,-0.999887,-0.0024041,4.45519,0,0,0,1],"included":true,"visible":[false,false,true,true,false,false,false,false,false,false,false,false,true,true,false,false,false,false,false,false,false,true,false,false,false,false,false,false,false,false,false,false,false,false,false,true,false,false,true,true,false,false,false,false,false,false,false,false,false,false,true,true,false,false,false,false,false,false,false,false,false,false,false,true,false,false,false,true,false,false,false,false,false,false,false,false,true,false,false,false,false,false,false,false,false,true,false,true,false,false,false,false,false,false,false,false,false,false,false,false,false,false,false,false,false,false,false,false,false,false],"unobstructed":[false,false,true,false,false,false,false,false,false,false,false,false,true,true,false,false,false,false,false,false,false,false,false,false,false,false,false,false,false,false,false,false,false,false,false,false,false,false,false,false,false,false,false,false,false,false,false,false,false,false,true,false,false,false,false,false,false,false,false,false,false,false,false,false,false,false,false,true,false,false,false,false,false,false,false,false,false,false,false,false,false,false,false,false,false,false,false,false,false,false,false,false,false,false,false,false,false,false,false,false,false,false,false,false,false,false,false,false,false,false],"height":1.5721459448928945},{"image_id":"8f5a767771964a56b3708d5415c446b2","pose":[0.477453,0.0109304,-0.87859,-8.06758,0.878449,0.0158551,0.477573,-3.24949,0.01915,-0.999815,-0.00203239,1.5634,0,0,0,1],"included":true,"visible":[false,false,false,false,false,false,false,false,false,false,false,true,false,false,false,false,true,false,false,false,false,false,false,false,true,false,false,false,false,false,false,false,false,false,false,false,false,false,false,false,false,false,false,false,false,false,false,false,false,false,false,false,false,false,false,false,false,false,false,false,false,false,true,false,false,true,false,false,false,false,true,false,false,false,false,false,false,false,false,false,true,false,false,false,false,false,false,false,false,false,true,true,false,false,true,false,false,false,false,false,false,false,false,false,false,false,false,false,false,false],"unobstructed":[false,false,false,false,false,false,false,false,false,false,false,true,false,false,false,false,false,false,false,false,false,false,false,false,false,false,false,false,false,false,false,false,false,false,false,false,false,false,false,false,false,false,false,false,false,false,false,false,false,false,false,false,false,false,false,false,false,false,true,false,false,false,true,false,false,true,false,false,false,false,true,false,false,false,false,false,false,false,false,false,true,false,false,false,false,false,false,false,false,false,false,true,false,false,true,false,false,false,false,false,false,false,false,false,false,false,false,false,false,false],"height":1.5754231817886108},{"image_id":"45af7750dab04ee9931d8c9a1ce9ee7d","pose":[0.808378,0.0051425,0.588643,-13.2667,-0.588573,-0.0106189,0.808375,-2.75345,0.0104076,-0.999931,-0.00555801,1.56296,0,0,0,1],"included":true,"visible":[false,true,false,false,false,false,false,false,false,false,false,true,false,false,false,false,false,false,false,false,false,false,false,true,false,false,false,false,false,false,false,false,false,false,false,false,false,false,false,false,false,false,true,false,true,true,false,false,false,false,false,false,false,false,false,false,false,false,false,false,false,false,false,false,false,true,true,false,false,false,true,true,false,false,false,false,false,false,false,false,true,false,false,false,false,false,false,false,false,false,false,false,false,false,true,false,false,false,false,false,true,false,false,false,false,false,false,false,false,false],"unobstructed":[false,false,false,false,false,false,false,false,false,false,false,true,false,false,false,false,false,false,false,false,false,false,false,false,false,false,false,false,false,false,false,false,false,false,false,false,false,false,false,false,false,false,false,false,true,false,false,false,false,false,false,false,false,false,false,false,false,false,false,false,false,false,false,false,false,false,true,false,false,false,false,false,false,false,false,false,false,false,false,false,false,false,false,false,false,false,false,false,false,false,false,false,false,false,true,false,false,false,false,false,false,false,false,false,false,false,false,false,false,false],"height":1.572004051749515},{"image_id":"addb4d69f82243fb9a38c4d615651ba7","pose":[0.66335,0.00465503,0.748296,-12.4521,-0.748225,-0.0110625,0.663355,1.02084,0.0113658,-0.999928,-0.003856,4.45994,0,0,0,1],"included":true,"visible":[false,false,false,false,false,false,false,false,false,false,false,false,false,false,false,true,false,false,false,false,true,false,false,false,false,false,false,false,false,false,false,false,false,false,false,false,false,false,true,false,false,false,false,false,false,false,false,false,false,false,false,false,false,false,false,true,false,false,false,false,false,false,false,false,false,false,false,false,false,false,false,false,true,false,false,false,false,false,false,false,false,false,false,false,false,false,false,false,false,false,false,false,true,false,false,false,false,true,false,false,false,false,false,false,false,false,false,false,true,false],"unobstructed":[false,false,false,false,false,false,false,false,false,false,false,false,false,false,false,false,false,false,false,false,false,false,false,false,false,f