[{"image_id":"59d9c66f57b14062a49e17e8f1da2151","pose":[0.802616,0.0208244,-0.596133,-2.06582,0.59621,0.00299679,0.802824,2.06186,0.0185047,-0.999779,-0.0100109,2.54114,0,0,0,1],"included":true,"visible":[false,false,false,false,false,false,false,false,false,false,false,false,false,false,false,false,false,false,false,false,false,false,false,false,false,false,false,false,false,false,false,false,false,false,false,false,false,true,false,false,false,false,false],"unobstructed":[false,false,false,false,false,false,true,false,false,false,false,false,false,false,false,false,false,false,false,false,false,false,false,false,false,false,false,false,false,false,false,false,false,false,false,false,false,true,false,false,false,false,false],"height":1.5625220073210297},{"image_id":"a51a0e2811f342a599ae4cdb9b84ff23","pose":[-0.442454,-0.0080714,-0.896755,-6.59737,0.896781,0.000887443,-0.442475,2.97607,0.00436709,-0.999967,0.00684518,2.51778,0,0,0,1],"included":true,"visible":[false,false,false,false,false,false,false,false,false,false,false,false,false,false,false,false,false,false,false,false,false,false,false,false,false,true,true,false,false,false,false,false,false,false,false,false,false,false,false,false,true,false,true],"unobstructed":[false,false,false,false,false,false,false,false,false,false,false,false,false,false,false,false,false,false,false,false,false,false,false,false,false,false,true,false,false,false,false,false,false,false,false,false,false,false,false,false,true,false,true],"height":1.565680578997122},{"image_id":"61dabfb7fecf4f328ad300a6f4b96037","pose":[-0.0715386,-0.0108701,-0.997379,-7.77486,0.997397,0.00833879,-0.0716308,1.48049,0.00909544,-0.999906,0.0102448,2.50897,0,0,0,1],"included":true,"visible":[false,false,false,true,false,false,false,false,false,false,false,false,true,false,false,false,false,false,false,false,false,false,false,false,false,false,true,false,false,true,false,false,true,false,false,false,true,false,false,false,false,false,false],"unobstructed":[false,false,false,false,false,false,false,false,false,false,false,false,false,false,false,false,false,false,false,false,false,false,false,false,false,false,false,true,false,false,false,false,true,false,false,false,true,false,false,false,false,false,false],"height":1.5653675571503385},{"image_id":"1c0209d585494dcd8261e2da6351e4ea","pose":[0.50632,0.0100578,-0.862287,-4.53764,0.862075,0.0191836,0.506419,0.297118,0.0216351,-0.999766,0.00104199,2.51053,0,0,0,1],"included":true,"visible":[false,false,true,false,true,false,false,false,false,false,false,false,true,false,false,false,true,false,false,false,false,false,true,false,false,true,true,false,false,false,false,false,true,true,false,true,true,false,false,false,true,false,false],"unobstructed":[false,false,false,false,false,false,false,false,false,false,false,false,true,false,false,false,false,false,false,false,false,false,true,false,false,true,true,false,false,false,false,false,false,false,false,false,false,false,false,false,true,false,false],"height":1.5593972074393974},{"image_id":"6bef4f99063f4b20afd28ea00190ac11","pose":[0.762911,0.00198571,0.646501,3.78549,-0.646442,-0.0115338,0.762876,-0.427799,0.00897133,-0.999932,-0.00751603,2.08343,0,0,0,1],"included":true,"visible":[false,false,false,true,false,false,false,false,true,true,false,false,true,true,false,false,false,false,true,true,false,true,true,false,true,false,true,false,false,false,false,false,true,true,false,true,true,false,true,true,true,false,false],"unobstructed":[false,false,false,false,false,false,false,false,true,true,false,false,false,false,false,false,false,false,true,false,false,false,false,false,false,false,false,false,false,false,false,false,false,false,false,true,false,false,true,false,false,false,false],"height":1.547243845105612},{"image_id":"1a792bc0a3fd47baa8a032e72ec6136b","pose":[-0.538569,-0.0116362,0.842501,0.80891,-0.842495,-0.00693079,-0.538661,2.44037,0.012107,-0.999909,-0.00607116,1.55043,0,0,0,1],"included":true,"visible":[false,false,false,false,true,false,false,false,true,true,true,false,false,false,false,true,false,false,false,true,false,true,false,true,false,false,false,false,false,false,false,false,false,false,false,false,false,false,true,true,false,false,false],"unobstructed":[false,false,false,false,false,false,false,false,true,false,false,false,false,false,false,true,false,false,false,false,false,false,false,false,true,false,false,false,false,false,false,false,false,false,false,true,false,false,true,true,false,false,false],"height":1.5507563998069922},{"image_id":"3a127fd2c5f34d978cba253145dae7d6","pose":[-0.455783,-0.00335288,-0.890085,-2.77771,0.889861,0.0210489,-0.455747,3.76902,0.0202633,-0.999773,-0.00661059,2.54168,0,0,0,1],"included":true,"visible":[false,false,false,false,false,false,false,false,false,false,false,false,false,false,false,false,true,false,false,false,false,false,true,false,false,true,false,false,false,false,false,false,false,false,false,false,false,false,false,false,false,false,false],"unobstructed":[true,false,false,false,false,false,false,false,false,false,false,false,false,false,false,false,true,false,false,false,false,false,false,false,false,false,false,false,false,false,false,false,false,false,false,false,false,false,false,false,false,false,false],"height":1.5620660828386117},{"image_id":"9077f8ffceb943808934837db41e5616","pose":[0.0434138,-0.00443669,-0.999048,-8.87184,0.998952,0.014714,0.0433442,-0.281385,0.0145075,-0.999882,0.00507038,2.51219,0,0,0,1],"included":true,"visible":[false,false,false,false,false,false,false,false,false,false,false,false,false,false,false,false,false,false,false,false,false,false,true,false,false,false,true,true,false,true,false,false,false,false,false,false,true,true,false,false,false,false,false],"unobstructed":[false,false,false,false,false,false,false,false,false,false,false,false,false,false,false,false,false,false,false,false,false,false,false,false,false,false,false,true,false,true,false,false,false,false,false,false,false,false,false,false,false,false,false],"height":1.564385588032544},{"image_id":"7b9d56273f1f4fd288d53036aeb0e69c","pose":[0.102139,0.0173736,-0.994619,2.27214,0.994652,0.0136425,0.102381,1.03698,0.0153477,-0.999756,-0.0158877,1.55525,0,0,0,1],"included":true,"visible":[false,false,false,true,true,false,false,false,false,true,true,false,true,true,false,false,false,false,true,true,false,true,false,true,true,true,false,false,false,false,false,false,false,true,false,true,false,false,true,true,false,false,false],"unobstructed":[false,false,false,false,true,true,false,false,false,false,false,false,false,false,false,true,false,false,true,false,false,false,false,false,true,false,false,false,false,false,false,false,false,false,false,true,false,false,true,true,false,false,false],"height":1.5565700838911887},{"image_id":"478037d3df4945b0843b698889c50329","pose":[-0.885419,-0.00907844,0.464706,-0.400939,-0.464718,-0.00092121,-0.885459,-1.48691,0.00846655,-0.999959,-0.0034037,1.5316,0,0,0,1],"included":true,"visible":[false,false,false,false,true,true,false,false,true,false,true,false,false,true,false,false,false,false,true,true,false,true,false,true,false,false,false,false,false,false,false,false,false,false,false,true,false,false,true,true,false,false,false],"unobstructed":[false,false,false,false,true,false,false,false,false,false,false,false,false,true,false,false,false,false,false,false,false,true,false,false,false,false,false,false,false,false,false,false,false,false,false,true,false,false,true,true,false,false,false],"height":1.5564644540809118},{"image_id":"37058b3266254703804070513d3335cd","pose":[-0.544899,-0.0166057,-0.838338,-1.11553,0.838017,0.0232091,-0.545151,-6.54493,0.0285096,-0.999593,0.0012688,1.59052,0,0,0,1],"included":true,"visible":[false,false,false,false,false,false,false,false,false,false,false,false,false,false,true,false,false,false,false,false,false,false,false,false,false,false,false,false,false,false,false,false,false,false,true,false,false,false,false,false,false,false,false],"unobstructed":[false,false,false,false,false,false,false,false,false,false,false,false,false,false,true,false,false,false,false,false,false,false,false,true,false,false,false,false,false,false,false,false,false,false,false,false,false,false,false,false,false,false,false],"height":1.5822985889538443},{"image_id":"d62a08db6d144b51ba89e93be16d421d","pose":[-0.274661,-0.0242672,0.961235,-4.75574,-0.961137,-0.0220858,-0.27519,-4.88262,0.0279077,-0.999462,-0.0172584,1.52752,0,0,0,1],"included":true,"visible":[false,false,false,false,false,false,false,false,false,false,false,false,false,true,false,false,false,true,false,false,false,false,false,false,false,false,false,false,false,false,true,true,false,false,false,false,false,false,false,false,false,false,false],"unobstructed":[false,false,false,false,false,false,false,false,false,false,false,false,false,false,false,false,false,false,false,false,false,false,false,false,false,false,false,false,false,false,true,true,false,false,false,false,false,false,false,false,false,false,false],"height":1.5619597531199705},{"image_id":"27b836b9ca24423082fa9ab6b330e4ab","pose":[0.874622,0.00253379,0.484801,-2.99588,-0.484792,-0.00340492,0.874624,0.366233,0.00386669,-0.999991,-0.00175009,2.1793,0,0,0,1],"included":true,"visible":[false,false,true,true,true,false,false,false,false,false,false,false,false,false,false,false,false,false,false,false,false,false,true,false,false,true,true,false,false,false,false,false,true,true,false,true,true,false,false,true,true,false,false],"unobstructed":[false,false,false,true,false,false,false,false,false,false,false,false,false,false,false,false,false,false,false,false,false,false,true,false,false,false,false,false,false,false,false,false,false,true,false,false,false,false,false,false,true,false,false],"height":1.6037815359902896},{"image_id":"03de84eb12c24a93bdfd88e46a6db25a","pose":[0.857249,0.0157263,0.514663,-1.02477,-0.514378,-0.0189796,0.857354,-3.7624,0.0232509,-0.999696,-0.0081814,1.54435,0,0,0,1],"included":true,"visible":[false,false,false,false,true,true,false,false,true,true,true,false,false,false,false,false,false,false,true,true,true,true,false,true,false,false,false,false,false,false,false,false,false,false,false,true,false,false,true,true,false,false,false],"unobstructed":[false,false,false,false,false,false,false,false,false,true,false,false,false,false,false,false,false,false,false,true,true,true,false,false,false,false,false,false,false,false,false,false,false,false,false,false,false,false,false,false,false,false,false],"height":1.5554651677630877},{"image_id":"b930fbdd40264d6fb3d660983ad1e467","pose":[-0.730593,-0.00319065,-0.682807,-0.426256,0.682792,0.00465503,-0.730599,-6.81343,0.00550945,-0.999984,-0.00122283,1.58906,0,0,0,1],"included":true,"visible":[false,false,false,false,false,false,false,false,false,false,true,false,false,false,false,false,false,false,false,false,false,false,false,false,false,false,false,false,true,false,false,false,false,false,true,false,false,false,false,false,false,false,false],"unobstructed":[false,false,false,false,false,false,false,false,false,false,true,false,false,false,false,false,false,false,false,false,false,false,false,false,false,false,false,false,true,false,false,false,false,false,true,false,false,false,false,false,false,false,false],"height":1.6044658943207273},{"image_id":"96a8a59e077f405c84ff77a07f6b108f","pose":[0.0771654,0.00827683,-0.996984,0.85917,0.996705,0.0244566,0.0773467,4.33975,0.0250229,-0.999667,-0.0063628,1.56,0,0,0,1],"included":true,"visible":[false,false,false,false,true,true,false,false,true,false,true,false,false,false,false,false,false,false,true,true,false,true,false,true,true,false,false,false,false,false,false,false,false,false,false,false,false,false,false,false,false,false,false],"unobstructed":[false,false,false,false,false,true,false,false,true,false,false,false,false,false,false,false,false,false,true,false,false,false,false,false,true,false,false,false,false,false,false,false,false,false,false,false,false,false,false,false,false,false,false],"height":1.5541447209257968},{"image_id":"c66bbecc057b41a8bb2eaa76c6f072a2","pose":[-0.953696,-0.0224504,-0.299935,-4.66009,0.299574,0.0180929,-0.953902,3.18891,0.026842,-0.999585,-0.01053,2.54025,0,0,0,1],"included":true,"visible":[true,false,false,true,false,false,true,false,false,false,false,false,false,false,false,false,false,false,false,false,false,false,true,false,false,false,false,false,false,false,false,false,false,false,false,false,false,true,false,false,false,false,false],"unobstructed":[false,false,false,false,false,false,true,false,false,false,false,false,false,false,false,false,false,false,false,false,false,false,true,false,false,false,false,false,false,false,false,false,false,false,false,false,false,true,false,false,false,false,false],"height":1.5599879200428775},{"image_id":"a4d3262f3112410e91d9eb7958680b1d","pose":[-0.976429,-0.0295405,-0.213809,-4.71643,0.213265,0.0205194,-0.976779,-2.24938,0.0332416,-0.999353,-0.0137362,1.52915,0,0,0,1],"included":true,"visible":[false,false,false,false,false,false,false,false,false,false,false,true,false,true,false,false,false,false,false,false,false,false,false,false,false,false,false,false,false,false,false,true,false,false,false,false,false,false,false,false,false,true,false],"unobstructed":[false,false,false,false,false,false,false,false,false,false,false,false,false,false,false,false,false,false,false,false,false,false,false,false,false,false,false,false,false,false,false,true,false,false,false,false,false,false,false,false,false,true,false],"height":1.5633350518168116},{"image_id":"c27d60b88f464eb1bf02400a9d0f1f39","pose":[0.457356,0.0139576,-0.889175,3.16922,0.889132,0.0113254,0.457511,2.26873,0.0164559,-0.999839,-0.00723086,1.55655,0,0,0,1],"included":true,"visible":[false,false,false,false,true,false,false,false,true,true,true,false,false,true,false,true,false,false,false,true,false,true,false,true,true,false,false,false,false,false,false,false,false,false,false,true,false,false,true,false,false,false,false],"unobstructed":[false,false,false,false,true,false,false,false,true,false,false,false,false,false,false,true,false,false,false,false,false,false,false,false,true,false,false,false,false,false,false,false,false,false,false,false,false,false,false,false,false,false,false],"height":1.5545418581062214},{"image_id":"ca2525d9ecd14dba84c49be763f20adb","pose":[-0.989318,-0.0168117,-0.144805,-0.913247,0.144669,0.00909779,-0.989439,-5.3347,0.0179515,-0.999818,-0.00656892,1.55704,0,0,0,1],"included":true,"visible":[false,false,false,false,true,true,false,false,true,true,false,false,false,true,false,false,false,false,true,false,false,true,false,true,false,false,false,false,false,false,false,false,false,false,false,true,false,false,true,true,false,false,false],"unobstructed":[false,false,false,false,false,false,false,false,false,false,false,false,false,true,false,false,false,false,false,false,false,true,false,true,false,false,false,false,false,false,false,false,false,false,false,false,false,false,true,false,false,false,false],"height":1.5666576703631319},{"image_id":"ff76dc630e20423dbb5ba8bc6d68d959","pose":[-0.0832863,0.00655703,0.996504,-2.51243,-0.996354,-0.0191252,-0.0831478,-3.6104,0.018513,-0.999796,0.00812554,1.53071,0,0,0,1],"included":true,"visible":[false,false,false,false,false,false,false,false,false,false,false,false,false,true,false,false,false,false,false,false,false,false,false,false,false,false,false,false,false,false,true,false,false,false,false,false,false,false,false,false,false,true,false],"unobstructed":[false,false,false,false,false,false,false,false,false,false,false,false,false,true,false,false,false,false,false,false,false,false,false,false,false,false,false,false,false,false,true,false,false,false,false,false,false,false,false,false,false,true,false],"height":1.5703433902948098},{"image_id":"539de86b4ff748a2957c0528bb5e3e20","pose":[0.642198,0.0266432,-0.766077,-0.0689418,0.766318,0.00173792,0.64246,-2.49791,0.0184484,-0.999644,-0.0193015,1.54028,0,0,0,1],"included":true,"visible":[false,false,false,false,true,true,false,false,true,true,true,false,false,true,false,true,false,false,true,true,false,false,false,true,false,false,false,false,false,false,true,false,false,false,false,true,false,false,true,true,false,false,false],"unobstructed":[false,false,false,false,false,false,false,false,false,true,false,false,false,true,false,false,false,false,false,true,false,false,false,false,false,false,false,false,false,false,false,false,false,false,false,true,false,false,true,true,false,false,false],"height":1.5569624912635471},{"image_id":"1e40d5ffa75a4f97824d683b755c09ba","pose":[-0.999441,-0.0193582,0.0272943,-4.61966,-0.0277598,0.0242025,-0.999322,1.40802,0.0186843,-0.99952,-0.0247268,2.51856,0,0,0,1],"included":true,"visible":[false,false,false,true,true,false,false,true,false,false,false,false,true,false,false,false,true,false,false,false,false,false,false,false,false,true,true,false,false,false,false,false,true,true,false,true,true,true,false,false,false,false,false],"unobstructed":[false,false,false,true,false,false,false,false,false,false,false,false,true,false,false,false,true,false,false,false,false,false,false,false,false,true,true,false,false,false,false,false,false,true,false,false,true,true,false,false,false,false,false],"height":1.5486522715456361},{"image_id":"959ae3ecae924fedb6a27c045968a05e","pose":[0.985632,0.0182943,-0.167915,-0.944907,0.167984,-0.00230429,0.985787,-5.94892,0.0176473,-0.99983,-0.00534477,1.5505,0,0,0,1],"included":true,"visible":[false,false,false,false,false,true,false,false,true,true,false,false,false,true,false,false,false,false,true,true,false,true,false,false,false,false,false,false,false,false,false,false,false,false,false,true,false,false,true,true,false,false,false],"unobstructed":[false,false,false,false,false,false,false,false,false,false,true,false,false,false,false,false,false,false,false,true,false,false,false,false,false,false,false,false,false,false,false,false,false,false,false,false,false,false,false,false,false,false,false],"height":1.550707891830742},{"image_id":"e2eea35b69824760b11d1815a52cb72c","pose":[0.0988216,0.0141772,-0.995004,2.36674,0.994777,0.0242997,0.0991451,3.5929,0.0255838,-0.999604,-0.0117022,1.55721,0,0,0,1],"included":true,"visible":[false,false,false,false,true,true,false,false,false,true,true,false,false,true,false,true,false,false,true,true,false,true,false,true,false,false,false,false,false,false,false,false,false,false,false,true,false,false,true,true,false,false,false],"unobstructed":[false,false,false,false,false,true,false,false,true,false,false,false,false,false,false,true,false,false,true,false,false,false,false,false,false,false,false,false,false,false,false,false,false,false,false,true,false,false,false,true,false,false,false],"height":1.5573671096629635},{"image_id":"e53cf1ea0ce245838dd4660e68f88069","pose":[-0.59401,-0.010113,0.804395,-5.82566,-0.804204,-0.0176702,-0.594091,-0.469092,0.0202217,-0.999793,0.00236287,2.54733,0,0,0,1],"included":true,"visible":[false,true,false,true,false,false,true,false,false,false,false,false,true,false,false,false,false,false,false,false,false,false,true,false,false,false,true,false,false,false,false,false,false,true,false,true,true,false,false,false,true,false,true],"unobstructed":[false,false,false,true,false,false,false,false,false,false,false,false,false,false,false,false,false,false,false,false,false,false,true,false,false,false,true,false,false,false,false,false,false,false,false,false,true,false,false,false,false,false,false],"height":1.5946063497549043},{"image_id":"b7e0b8b0d65b439382afa4c79db018a7","pose":[0.00303652,-0.00209081,-0.999994,-6.05206,0.999889,0.0145964,0.00300557,0.692093,0.0145899,-0.999892,0.00213446,2.51266,0,0,0,1],"included":true,"visible":[false,true,true,true,true,false,false,false,false,false,false,false,true,false,false,false,false,false,false,false,false,false,true,false,false,true,false,false,false,false,false,false,true,true,false,true,true,true,false,false,true,false,true],"unobstructed":[false,true,false,true,false,false,false,false,false,false,false,false,false,false,false,false,false,false,false,false,false,false,true,false,false,true,false,false,false,false,false,false,false,false,false,false,true,false,false,false,true,false,false],"height":1.5589569139224417},{"image_id":"9926b38bd87e44e292d9c375050dd17d","pose":[0.824896,0.00115684,-0.565284,-8.83011,0.565226,0.0128426,0.824837,1.52789,0.00821379,-0.999917,0.00993949,2.54716,0,0,0,1],"included":true,"visible":[false,false,false,true,true,false,false,true,false,false,false,false,false,false,false,false,false,false,false,false,false,false,false,false,false,false,true,false,false,false,false,false,false,true,false,false,true,false,false,false,false,false,false],"unobstructed":[false,false,true,false,false,false,false,true,false,false,false,false,false,false,false,false,false,false,false,false,false,false,false,false,false,false,false,false,false,false,false,false,false,false,false,false,false,false,false,false,false,false,false],"height":1.5931413619753512},{"image_id":"12d4178aacf24639af24aa15ae5452aa","pose":[-0.685723,-0.00529758,-0.727844,1.62655,0.727827,0.00504963,-0.685743,-7.32106,0.007308,-0.999974,0.000392628,1.62584,0,0,0,1],"included":true,"visible":[false,false,false,false,true,false,false,false,false,false,true,false,false,false,true,false,false,false,true,false,false,false,false,false,false,false,false,false,false,false,false,false,false,false,false,false,false,false,false,false,false,false,false],"unobstructed":[false,false,false,false,false,false,false,false,false,false,false,false,false,false,true,false,false,false,false,false,false,false,false,false,false,false,false,false,false,false,false,false,false,false,true,false,false,false,false,false,false,false,false],"height":1.6059054687760046},{"image_id":"2669f5ba693c4e729d7d2c4f3fa0a077","pose":[-0.999315,-0.0132677,-0.0345492,-7.67055,0.0346075,-0.00417719,-0.999393,-0.231767,0.0131152,-0.999904,0.00463304,2.51049,0,0,0,1],"included":true,"visible":[false,false,true,false,false,false,false,true,false,false,false,false,false,false,false,false,false,false,false,false,false,false,false,false,false,false,false,false,false,false,false,false,true,false,false,false,true,false,false,false,true,false,false],"unobstructed":[false,false,false,false,false,false,false,true,false,false,false,false,false,false,false,false,false,false,false,false,false,false,false,false,false,false,false,false,false,false,false,false,true,false,false,false,true,false,false,false,true,false,false],"height":1.5668479232097239},{"image_id":"d4b22ee7ff4a42c691c7b4148175edae","pose":[-0.071753,0.0018469,0.997421,-2.93894,-0.997104,-0.0254189,-0.071683,-4.86461,0.0252208,-0.999676,0.00366499,1.53076,0,0,0,1],"included":true,"visible":[false,false,false,false,true,false,false,false,false,false,false,true,false,false,false,false,false,false,false,false,true,false,false,false,false,false,false,false,false,false,false,false,false,false,false,false,false,false,true,false,false,true,false],"unobstructed":[false,false,false,false,false,false,false,false,false,false,false,true,false,false,false,false,false,false,false,false,true,false,false,false,false,false,false,false,false,false,false,false,false,false,false,false,false,false,false,false,false,false,false],"height":1.5648545331425465},{"image_id":"3b3649d2a7284321a0b9afdaa7b86df6","pose":[-0.848285,-0.035339,0.52836,-4.89283,-0.528534,-0.00498908,-0.848898,-3.48915,0.0326351,-0.999363,-0.0144461,1.52677,0,0,0,1],"included":true,"visible":[false,false,false,false,false,false,false,false,false,false,false,true,false,true,false,false,false,true,false,false,false,false,false,false,false,false,false,false,false,false,false,false,false,false,false,false,false,false,false,false,false,false,false],"unobstructed":[false,false,false,false,false,false,false,false,false,false,false,true,false,false,false,false,false,true,false,false,false,false,false,false,false,false,false,false,false,false,false,false,false,false,false,false,false,false,false,false,false,false,false],"height":1.5736212954002267},{"image_id":"24b51bc6073b484fa53243690461c1e1","pose":[-0.842491,-0.0160011,0.538474,-7.64134,-0.538466,-0.00512661,-0.842632,0.759336,0.0162435,-0.999859,-0.00429738,2.50695,0,0,0,1],"included":true,"visible":[false,false,true,true,true,false,false,false,false,false,false,false,true,false,false,false,false,false,false,false,false,false,true,false,false,false,true,false,false,true,false,false,false,true,false,true,true,false,false,false,false,false,false],"unobstructed":[false,false,true,false,false,false,false,false,false,false,false,false,false,false,false,false,false,false,false,false,false,false,false,false,false,false,false,false,false,true,false,false,false,false,false,false,true,false,false,false,false,false,false],"height":1.5715245475314725},{"image_id":"cb327002f1024540bcf2248236985eb1","pose":[-0.869409,-0.0287262,0.493259,-1.62218,-0.493209,-0.00929826,-0.869862,0.28876,0.0295741,-0.999544,-0.00608447,2.12451,0,0,0,1],"included":true,"visible":[false,false,false,true,true,false,false,false,false,false,false,false,true,false,false,false,false,false,false,false,false,false,true,false,false,true,true,false,false,false,false,false,true,false,false,true,true,false,true,true,true,false,false],"unobstructed":[false,false,false,false,false,false,false,false,false,false,false,false,true,false,false,false,false,false,false,false,false,false,true,false,false,false,false,false,false,false,false,false,false,false,false,false,false,false,true,true,false,false,false],"height":1.5456130551063487},{"image_id":"39d82699c9a44bb9b5349d52faf1464d","pose":[0.719853,0.0110503,-0.694039,0.462204,0.693957,0.0106775,0.719938,-7.01431,0.015366,-0.999882,0.0000174048,1.61924,0,0,0,1],"included":true,"visible":[false,false,false,false,false,false,false,false,false,false,true,false,false,false,true,false,false,false,false,false,false,false,false,false,false,false,false,false,true,false,false,false,false,false,false,false,false,false,false,false,false,false,false],"unobstructed":[false,false,false,false,false,false,false,false,false,false,false,false,false,false,true,false,false,false,false,false,false,false,false,false,false,false,false,false,true,false,false,false,false,false,false,false,false,false,false,false,false,false,false],"height":1.614157129578397},{"image_id":"81b3b53e5fc44c76a0cf7d62525e7c85","pose":[0.289682,0.0188953,-0.956937,1.59355,0.956834,0.0188438,0.290023,0.103091,0.0235123,-0.999644,-0.0126213,1.54976,0,0,0,1],"included":true,"visible":[false,false,false,true,true,true,false,false,true,true,true,false,true,true,false,false,false,false,true,true,false,true,true,true,false,true,true,false,false,false,false,false,true,true,false,false,true,false,true,true,true,false,false],"unobstructed":[false,false,false,false,true,true,false,false,true,true,false,false,false,false,false,false,false,false,false,false,false,true,false,false,true,false,false,false,false,false,false,false,false,false,false,false,false,false,true,true,false,false,false],"height":1.554941994609355},{"image_id":"c9b5c7e60e7c42b48598171d960ec6c4","pose":[-0.0400497,0.0173502,-0.999047,-6.70397,0.999112,0.0138588,-0.0398117,0.87167,0.0131547,-0.999754,-0.0178903,2.50396,0,0,0,1],"included":true,"visible":[false,false,true,true,true,false,false,false,false,false,false,false,true,false,false,false,false,false,false,false,false,false,true,false,false,true,true,false,false,true,false,false,true,true,false,true,false,false,false,false,false,false,false],"unobstructed":[false,false,true,false,false,false,false,false,false,false,false,false,false,false,false,false,false,false,false,false,false,false,true,false,false,true,true,false,false,true,false,false,true,false,false,false,false,false,false,false,false,false,false],"height":1.555271401877251},{"image_id":"46b120dde4004bf9ada90cf967c0585b","pose":[0.437702,0.0149286,0.898996,-3.51427,-0.898752,-0.021345,0.437938,1.93694,0.0257268,-0.999661,0.00407395,2.53568,0,0,0,1],"included":true,"visible":[true,false,false,false,false,false,false,true,false,false,false,false,false,false,false,false,false,false,false,false,false,false,true,false,false,false,true,false,false,false,false,false,false,false,false,false,false,false,false,false,false,false,false],"unobstructed":[true,false,false,false,false,false,false,false,false,false,false,false,false,false,false,false,true,false,false,false,false,false,true,false,false,false,false,false,false,false,false,false,false,false,false,false,false,false,false,false,false,false,false],"height":1.5617353155278382},{"image_id":"65bf8725617f40fc96ce7f54edfc2576","pose":[-0.569089,0.000853394,0.822276,1.23148,-0.822162,-0.0172791,-0.568992,-1.87911,0.0137225,-0.999851,0.0105345,1.55356,0,0,0,1],"included":true,"visible":[false,false,false,false,true,true,false,false,true,true,true,false,false,true,false,true,false,false,true,true,false,true,false,true,false,false,false,false,false,false,false,false,false,true,false,true,false,false,false,true,false,false,false],"unobstructed":[false,false,false,false,true,true,false,false,true,true,false,false,false,false,false,false,false,false,false,true,false,true,false,false,false,false,false,false,false,false,false,false,false,true,false,true,false,false,false,true,false,false,false],"height":1.5565964371809946},{"image_id":"544fa9ed7d3d4980ba9bb370bc64b1ce","pose":[-0.0344001,0.00686199,-0.999385,0.0251979,0.999124,0.0241197,-0.0342256,0.153366,0.0238699,-0.999686,-0.00768613,1.54354,0,0,0,1],"included":true,"visible":[false,false,false,true,true,false,false,false,true,true,true,false,true,false,false,false,false,false,false,true,false,true,true,true,true,true,true,false,false,false,false,false,true,true,false,true,true,false,true,false,true,false,false],"unobstructed":[false,false,false,false,false,true,false,false,true,true,false,false,false,false,false,false,false,false,false,false,false,true,false,false,true,false,false,false,false,false,false,false,false,true,false,true,false,false,true,false,false,false,false],"height":1.5571331062141653},{"image_id":"b0f531e065c54dabbc76b3046bcd930f","pose":[-0.472951,-0.0041979,-0.881079,-6.00068,0.881036,0.00868015,-0.47297,1.40957,0.00963325,-0.999954,-0.00040723,2.51963,0,0,0,1],"included":true,"visible":[false,true,false,true,true,false,false,false,false,false,false,false,true,false,false,false,false,false,false,false,false,false,false,false,false,true,true,false,false,true,false,false,false,true,false,true,false,false,false,false,false,false,true],"unobstructed":[false,true,false,true,false,false,false,false,false,false,false,false,true,false,false,false,false,false,false,false,false,false,false,false,false,false,true,false,false,true,false,false,false,false,false,false,false,false,false,false,false,false,false],"height":1.5683010870793375},{"image_id":"6d5b53ff20bb4598aff68c01ae3a7b09","pose":[-0.616493,-0.000623806,-0.78736,-2.67318,0.787104,0.025072,-0.616312,-2.4304,0.020125,-0.999686,-0.0149661,1.5327,0,0,0,1],"included":true,"visible":[false,false,false,false,false,false,false,false,false,false,false,false,false,false,false,false,false,true,false,false,true,false,false,false,false,false,false,false,false,false,true,false,false,false,false,false,false,false,false,false,false,false,false],"unobstructed":[false,false,false,false,false,false,false,false,false,false,false,false,false,false,false,false,false,true,false,false,true,false,false,false,false,false,false,false,false,false,false,false,false,false,false,false,false,false,false,false,false,false,false],"height":1.5654462978766912},{"image_id":"1be9a97aada84e4795f64583ac0e3b76","pose":[0.0662957,0.000664953,-0.9978,-7.14951,0.997725,0.0122732,0.0662988,4.94537,0.0122901,-0.999925,0.000149775,2.52321,0,0,0,1],"included":true,"visible":[false,true,false,false,false,false,false,false,false,false,false,false,false,false,false,false,false,false,false,false,false,false,false,false,false,true,true,false,false,false,false,false,false,false,false,false,false,false,false,false,true,false,false],"unobstructed":[false,true,false,false,false,false,false,false,false,false,false,false,false,false,false,false,false,false,false,false,false,false,false,false,false,false,false,false,false,false,false,false,false,false,false,false,false,false,false,false,false,false,false],"height":1.565417042036011}]