[{"image_id":"5806fe5d921147acb87456324b91240c","pose":[0.0105433,-0.00616297,-0.999925,5.66852,0.999943,0.000062916,0.0105435,3.95385,-0.0000017015,-0.99998,0.0061647,-1.54936,0,0,0,1],"included":true,"visible":[false,false,false,false,false,false,false,false,false,true,false,true,false,false,false,false,false,false,false,false,false,false,false,true,false,false,true,false,false,false,false,false,true,false,false,false,false,false,false,false,true,true,false,false,false,false,true,true,false,true,false,false,false,false,false,false,true,false,true,false,false,false,false,false,false,false,false,false,false,false,false,true,false,false,false,false,false,false,true,false,false,true,false,false,false,false,false,true,false],"unobstructed":[false,false,false,false,false,false,false,false,false,false,false,true,false,false,false,false,false,false,false,false,false,false,false,false,false,false,false,false,false,false,false,false,false,false,false,false,false,false,false,false,false,false,false,false,false,false,true,false,false,false,false,false,false,false,false,false,false,false,true,false,false,false,false,false,false,false,false,false,false,false,false,false,false,false,false,false,false,false,false,false,false,false,false,false,false,false,false,true,false],"height":1.5150275545504153},{"image_id":"fdfadee66c364112b088538355513121","pose":[0.84583,-0.00147653,-0.533449,1.44002,0.533439,0.00902794,0.84579,4.59486,0.00356747,-0.999958,0.00842517,1.50768,0,0,0,1],"included":true,"visible":[false,false,false,false,false,false,true,true,false,false,false,false,false,false,false,false,false,true,false,false,false,false,true,false,false,false,false,false,false,false,false,false,false,false,false,true,false,false,false,false,false,false,false,true,false,false,false,false,false,false,false,false,false,false,false,true,false,false,false,false,false,true,true,false,false,false,false,false,true,false,true,false,false,false,false,true,false,false,false,false,false,false,false,true,false,false,false,false,false],"unobstructed":[false,false,false,false,false,false,true,true,false,false,false,false,false,false,false,false,false,true,false,false,false,false,true,false,false,false,false,false,false,false,false,false,false,false,false,false,false,false,false,false,false,false,false,false,false,false,false,false,false,false,false,false,false,false,false,false,false,false,false,false,false,true,false,false,false,false,false,false,false,false,false,false,false,false,false,true,false,false,false,false,false,false,false,false,false,false,false,false,false],"height":1.504228960734544},{"image_id":"f49421cd57ca4abe960b263f807e4f20","pose":[0.0387228,-0.00730853,-0.999223,1.54204,0.999237,-0.00449248,0.0387567,-0.266625,-0.00477187,-0.999963,0.00713042,-1.54567,0,0,0,1],"included":true,"visible":[false,false,false,false,false,false,false,false,false,false,false,false,false,false,true,false,false,false,false,false,false,false,false,false,false,true,false,true,false,false,true,false,false,false,false,false,false,false,false,false,true,false,false,false,false,false,false,false,false,false,true,false,false,false,false,false,true,false,false,false,false,false,false,false,false,false,false,false,false,false,false,true,false,false,false,false,false,false,false,false,false,false,false,false,false,false,false,false,false],"unobstructed":[false,false,false,false,false,false,false,false,false,false,false,false,false,false,true,false,false,false,false,false,false,false,false,false,false,false,false,true,false,false,false,false,false,false,false,false,false,false,false,false,false,false,false,false,false,false,false,false,false,false,false,false,false,false,false,false,false,false,false,false,false,false,false,false,false,false,false,false,false,false,false,false,false,false,false,false,false,false,false,false,false,false,false,false,false,false,false,false,false],"height":1.5115098739572208},{"image_id":"df95fb8e9f40449499b8fca8938fde81","pose":[0.975271,-0.0000605941,-0.221008,8.3902,0.221008,0.00257006,0.975268,2.43208,0.000509274,-0.999996,0.00252131,1.51314,0,0,0,1],"included":true,"visible":[false,false,false,false,false,true,false,false,false,false,false,false,false,false,false,false,true,false,false,false,false,false,false,false,false,false,false,false,true,true,false,false,false,false,false,false,true,false,false,false,false,false,true,false,false,true,false,false,false,false,false,false,false,false,false,false,false,true,false,false,false,false,false,false,false,false,false,false,false,false,false,false,false,false,false,false,false,true,false,true,false,false,false,false,false,false,false,false,true],"unobstructed":[false,false,false,false,false,true,false,false,false,false,false,false,false,false,false,false,true,false,false,false,false,false,false,false,false,false,false,false,false,false,false,false,false,true,false,false,false,false,false,false,false,false,true,false,false,false,false,false,false,false,false,false,false,false,false,false,false,true,false,false,false,false,false,false,false,false,false,false,false,false,false,false,false,false,false,false,false,false,false,false,false,false,false,false,false,false,false,false,false],"height":1.5070129632370128},{"image_id":"1996ca8e5bf041169b37246f8c42f3fd","pose":[-0.974413,-0.000547968,0.224757,-1.11725,-0.224757,-0.000977686,-0.974414,1.57985,0.000754055,-0.999999,0.000830923,1.5244,0,0,0,1],"included":true,"visible":[false,false,false,false,false,false,false,false,true,false,true,false,false,true,false,false,false,false,false,false,false,false,false,false,false,false,false,false,false,false,false,true,false,false,false,false,false,true,true,false,false,false,false,false,false,false,false,false,false,false,false,false,false,false,false,false,false,false,false,false,false,false,false,false,false,true,false,false,false,false,false,false,false,false,false,true,true,false,false,false,false,false,false,true,false,false,false,false,false],"unobstructed":[false,false,false,false,false,false,false,false,false,false,true,false,false,true,false,false,false,false,false,false,false,false,false,false,false,false,false,false,false,false,false,false,false,false,false,false,false,false,true,false,false,false,false,false,false,false,false,false,false,false,false,false,false,false,false,false,false,false,false,false,false,false,false,false,false,true,false,false,false,false,false,false,false,false,false,true,false,false,false,false,false,false,false,true,false,false,false,false,false],"height":1.5045701229278918},{"image_id":"85c77bac1e554dab95cffa805a00e943","pose":[0.91343,1.2602e-7,-0.406992,8.424,0.406989,0.00425065,0.913423,1.26137,0.00173046,-0.99999,0.00388404,1.52045,0,0,0,1],"included":true,"visible":[false,false,false,true,false,false,false,false,false,false,false,false,false,false,false,false,true,false,false,false,false,false,false,false,false,false,false,false,true,true,false,false,false,false,false,false,true,false,false,false,false,false,true,false,false,true,false,false,false,false,false,false,false,false,false,false,false,true,false,false,false,false,false,false,false,false,false,false,false,false,false,false,false,false,false,false,false,true,false,true,false,false,false,false,false,false,false,false,true],"unobstructed":[false,false,false,true,false,false,false,false,false,false,false,false,false,false,false,false,true,false,false,false,false,false,false,false,true,false,false,false,false,true,false,false,false,false,false,false,true,false,false,false,false,false,true,false,false,false,false,false,false,false,false,false,false,false,false,false,false,false,false,false,false,false,false,false,false,false,false,false,false,false,false,false,false,false,false,false,false,false,false,false,false,false,false,false,false,false,false,false,false],"height":1.5124711876005401},{"image_id":"dafccfaeaa6342dfb58c0d927dbced58","pose":[-0.872059,-0.00954912,-0.489306,0.762051,0.489235,0.0088278,-0.872106,3.29421,0.0126477,-0.999915,-0.00302519,1.48562,0,0,0,1],"included":true,"visible":[false,true,false,false,false,false,false,true,true,false,true,false,false,false,false,false,false,true,false,false,false,false,true,false,false,false,false,false,false,false,false,false,false,false,false,true,false,false,false,false,false,false,false,true,false,false,false,false,false,false,false,false,false,false,false,true,false,false,false,false,false,true,true,false,false,false,false,false,true,false,false,false,false,false,false,true,false,false,false,false,false,false,false,true,false,false,false,false,false],"unobstructed":[false,true,false,false,false,false,false,true,true,false,false,false,false,false,false,false,false,false,false,false,false,false,true,false,false,false,false,false,false,false,false,false,false,false,false,false,false,false,false,false,false,false,false,false,false,false,false,false,false,false,false,false,false,false,false,true,false,false,false,false,false,true,false,false,false,false,false,false,false,false,false,false,false,false,false,true,false,false,false,false,false,false,false,true,true,false,false,false,false],"height":1.4876469959050174},{"image_id":"60982786b88c4f43b2c2cd835e63fba4","pose":[0.849532,0.00529264,-0.527508,1.37829,0.527485,0.00512036,0.849548,4.2274,0.00719775,-0.999972,0.00155954,1.48879,0,0,0,1],"included":true,"visible":[false,true,false,false,false,false,true,false,false,false,true,false,false,false,false,false,false,true,false,false,false,false,true,false,false,false,false,false,false,false,false,false,false,false,false,true,false,false,false,false,false,false,false,true,false,false,false,false,false,false,false,false,false,false,false,true,false,false,false,false,false,true,true,false,false,false,false,false,true,false,true,false,false,false,false,true,false,false,false,false,false,false,false,true,false,false,false,false,false],"unobstructed":[false,true,false,false,false,false,true,false,false,false,false,false,false,false,false,false,false,true,false,false,false,false,true,false,false,false,false,false,false,false,false,false,false,false,false,false,false,false,false,false,false,false,false,false,false,false,false,false,false,false,false,false,false,false,false,true,false,false,false,false,false,true,false,false,false,false,false,false,false,false,false,false,false,false,false,true,false,false,false,false,false,false,false,false,false,false,false,false,false],"height":1.488911717302929},{"image_id":"58f58d38d349411b96ceb7d25a757317","pose":[0.879972,-0.00735622,0.474966,-0.903798,-0.474989,-0.00193229,0.879988,3.73607,-0.00555525,-0.99997,-0.00519308,1.50349,0,0,0,1],"included":true,"visible":[false,false,false,false,true,false,true,false,false,false,false,false,false,false,false,false,false,false,false,false,true,false,false,false,false,false,false,false,false,false,false,false,false,false,false,false,false,true,true,false,false,false,false,false,false,false,false,false,true,false,false,false,false,false,false,true,false,false,false,false,false,false,false,false,false,true,false,false,false,false,false,false,false,false,false,true,true,false,false,false,false,false,true,true,true,false,false,false,false],"unobstructed":[false,false,false,false,false,false,true,false,false,false,false,false,false,false,false,false,false,false,false,false,false,false,false,false,false,false,false,false,false,false,false,false,false,false,false,false,false,true,false,false,false,false,false,false,false,false,false,false,false,false,false,false,false,false,false,false,false,false,false,false,false,false,false,false,false,false,false,false,false,false,false,false,false,false,false,true,false,false,false,false,false,false,true,true,false,false,false,false,false],"height":1.4906119202504609},{"image_id":"662b7b8b29ed49d99654891ba3a29e1f","pose":[-0.768036,-0.00427898,-0.640391,9.54955,0.640404,-0.00370617,-0.768028,3.0881,0.000913344,-0.999983,0.00558817,-1.54815,0,0,0,1],"included":true,"visible":[true,false,false,false,false,false,false,false,false,false,false,false,false,false,false,true,false,false,false,false,false,true,false,true,false,true,true,false,false,false,true,false,true,false,true,false,false,false,false,false,true,true,false,false,false,false,false,false,false,true,true,false,false,false,true,false,false,false,true,false,false,false,false,true,false,false,false,false,false,false,false,false,false,false,false,false,false,false,true,false,false,false,false,false,false,false,false,true,false],"unobstructed":[false,false,false,false,false,false,false,false,false,false,false,false,false,false,false,false,false,false,false,false,false,true,false,true,false,true,true,false,false,false,false,false,false,false,true,false,false,false,false,false,false,false,false,false,false,false,false,false,false,true,false,false,false,false,true,false,false,false,true,false,false,false,false,true,false,false,false,false,false,false,false,false,false,true,false,false,false,false,true,false,false,false,false,false,false,false,false,true,false],"height":1.5101306218361479},{"image_id":"8ab379f6f864479d82fa3192acf1cdcb","pose":[0.999868,-0.0143753,-0.00738936,-2.28314,0.00730811,-0.00572452,0.999956,1.55021,-0.0144166,-0.99988,-0.00561731,1.54191,0,0,0,1],"included":true,"visible":[false,false,false,false,true,false,true,true,false,false,false,false,false,true,false,false,false,false,false,false,false,false,true,false,false,false,false,false,false,false,false,true,false,false,false,false,false,false,true,false,false,false,false,false,false,false,false,false,false,false,false,false,false,false,false,false,false,false,false,false,false,false,false,false,false,true,false,false,false,false,false,false,false,false,false,false,false,false,false,false,false,false,false,true,false,false,false,false,false],"unobstructed":[false,false,false,false,true,false,false,false,false,false,false,false,false,true,false,false,false,false,false,false,false,false,false,false,false,false,false,false,false,false,false,true,false,false,false,false,false,false,true,false,false,false,false,false,false,false,false,false,false,false,false,false,false,false,false,false,false,false,false,false,false,false,false,false,false,true,false,false,false,false,false,false,false,false,false,false,false,false,false,false,false,false,false,true,false,false,false,false,false],"height":1.5120442989007832},{"image_id":"2e0f20c23f5841ffb5d16166b21ea4d1","pose":[-0.333781,-0.00465428,-0.942639,5.6592,0.942649,-0.00185158,-0.333776,2.7994,-0.000191518,-0.999987,0.00500679,-1.55657,0,0,0,1],"included":true,"visible":[true,false,false,false,false,false,false,false,false,false,false,false,false,false,false,false,false,false,false,false,false,true,false,false,false,true,false,false,false,false,true,false,true,false,false,false,false,false,false,false,true,false,false,false,false,false,true,false,false,false,true,false,false,false,false,false,true,false,true,false,false,false,false,false,false,false,false,true,false,false,false,false,false,false,false,false,false,false,true,false,false,true,false,false,false,false,false,true,false],"unobstructed":[true,false,false,false,false,false,false,false,false,false,false,false,false,false,false,false,false,false,false,false,false,false,false,false,false,false,false,false,false,false,false,false,true,false,false,false,false,false,false,false,false,false,false,false,false,false,false,false,false,false,false,false,false,false,false,false,false,false,true,false,false,false,false,false,false,false,false,true,false,false,false,false,false,true,false,false,false,false,false,false,false,false,false,false,false,false,false,true,false],"height":1.5082564335678705},{"image_id":"f9c0a1df2db64781a31284be2a45019c","pose":[0.257259,-0.00217775,-0.966339,3.61627,0.966339,-0.00161705,0.257263,3.61019,-0.00212251,-0.999996,0.00168986,0.756615,0,0,0,1],"included":true,"visible":[false,false,false,false,false,false,false,false,false,false,false,false,false,false,false,false,false,false,false,false,false,false,true,false,false,false,false,false,false,false,true,false,false,false,false,false,false,false,false,false,false,false,false,true,false,false,false,false,false,false,true,false,false,false,false,false,false,false,false,false,false,false,false,false,false,false,true,false,false,false,true,false,false,false,true,false,false,false,false,false,false,false,false,false,false,false,true,false,false],"unobstructed":[false,false,false,false,false,false,false,false,false,false,false,false,false,false,false,false,false,false,false,false,false,false,false,false,false,false,false,false,false,false,false,false,false,false,false,false,false,false,false,false,false,false,false,true,false,false,false,false,false,false,false,false,false,false,false,false,false,false,false,false,false,false,false,false,false,false,false,false,false,false,false,false,false,false,false,false,false,false,false,false,false,false,false,false,false,false,true,false,false],"height":1.3181975928220264},{"image_id":"6a7edd06eb644837b6380a8fb2493b3a","pose":[0.287538,-0.00676561,-0.957745,-2.7914,0.957741,-0.00549346,0.287576,2.39665,-0.00720659,-0.999961,0.00490154,1.53981,0,0,0,1],"included":true,"visible":[false,false,false,false,true,false,false,false,false,false,true,false,false,false,false,false,false,false,false,false,false,false,false,false,false,false,false,false,false,false,false,true,false,false,false,false,false,false,false,false,false,false,false,false,false,false,false,false,false,false,false,false,false,false,false,false,false,false,false,false,false,false,false,false,false,false,false,false,false,false,false,false,false,false,false,false,false,false,false,false,false,false,false,false,false,false,false,false,false],"unobstructed":[false,false,false,false,true,false,false,false,false,false,true,false,false,false,false,false,false,false,false,false,false,false,false,false,false,false,false,false,false,false,false,true,false,false,false,false,false,false,false,false,false,false,false,false,false,false,false,false,false,false,false,false,false,false,false,false,false,false,false,false,false,false,false,false,false,false,false,false,false,false,false,false,false,false,false,false,false,false,false,false,false,false,false,false,false,false,false,false,false],"height":1.5028262175531788},{"image_id":"021e0fed78a948bf8627ff9beccae0af","pose":[0.16185,-0.0069897,-0.98679,-0.0248332,0.986806,0.00504709,0.161818,-0.00503301,0.00384972,-0.999962,0.00771577,-1.54015,0,0,0,1],"included":true,"visible":[false,false,true,false,false,false,false,false,false,false,false,false,false,false,false,false,false,false,false,false,false,false,false,false,false,true,false,true,false,false,true,false,false,false,false,false,false,false,false,false,true,false,false,false,false,false,false,false,false,false,true,false,false,false,false,false,true,false,false,false,false,false,false,false,false,false,false,false,false,false,false,true,false,false,false,false,false,false,false,false,false,false,false,false,false,false,false,false,false],"unobstructed":[false,false,true,false,false,false,false,false,false,false,false,false,false,false,false,false,false,false,false,false,false,false,false,false,false,false,false,false,false,false,false,false,false,false,false,false,false,false,false,false,false,false,false,false,false,false,false,false,false,false,false,false,false,false,false,false,false,false,false,false,false,false,false,false,false,false,false,false,false,false,false,false,false,false,false,false,false,false,false,false,false,false,false,false,false,false,false,false,false],"height":1.5170777613456117},{"image_id":"443823f73bac40d19ec5a272d9b8a931","pose":[-0.819615,-0.0173988,0.572648,11.0525,-0.572508,-0.012699,-0.8198,1.34921,0.0215359,-0.999767,0.000448808,-1.65882,0,0,0,1],"included":true,"visible":[false,false,false,false,false,false,false,false,false,true,false,false,false,false,false,false,false,false,false,false,false,false,false,true,false,false,true,false,false,false,false,false,false,false,true,false,false,false,false,false,false,false,false,false,false,false,false,false,false,true,false,false,false,false,false,false,false,false,false,false,false,false,false,false,false,false,false,true,false,false,false,false,false,true,false,false,false,false,false,false,false,false,false,false,false,false,false,true,false],"unobstructed":[false,false,false,false,false,false,false,false,false,false,false,false,false,false,false,false,false,false,false,false,false,false,false,true,false,false,true,false,false,false,false,false,false,false,true,false,false,false,false,false,false,false,false,false,false,false,false,false,false,false,false,false,false,false,false,false,false,false,false,false,false,false,false,false,false,false,false,false,false,false,false,false,false,false,false,false,false,false,false,false,false,false,false,false,false,false,false,false,false],"height":1},{"image_id":"332c9a36564249c39b5bdb93111b4855","pose":[0.999462,-0.00330251,-0.0325976,7.11294,0.0326072,0.002759,0.999464,1.72875,-0.00321044,-0.99999,0.00286661,1.51016,0,0,0,1],"included":true,"visible":[false,false,false,true,false,true,false,false,false,false,false,false,false,false,false,false,false,false,false,false,false,false,false,false,false,false,false,false,false,true,false,false,false,false,false,false,true,false,false,false,false,false,true,false,false,false,false,false,false,false,false,false,false,false,false,false,false,true,false,false,false,false,false,false,false,false,false,false,false,false,false,false,false,false,false,false,false,false,false,false,false,false,false,false,false,false,false,false,false],"unobstructed":[false,false,false,true,false,true,false,false,false,false,false,false,false,false,false,false,false,false,false,false,false,false,false,false,false,false,false,false,false,true,false,false,false,false,false,false,true,false,false,false,false,false,true,false,false,false,false,false,false,false,false,false,false,false,false,false,false,true,false,false,false,false,false,false,false,false,false,false,false,false,false,false,false,false,false,false,false,false,false,false,false,false,false,false,false,false,false,false,false],"height":1.5093736502219661},{"image_id":"b7afb97bb8c446a7acfc6885b93bdc3f","pose":[0.230693,0.000599292,-0.973026,2.07146,0.973014,-0.00503776,0.230688,5.54624,-0.00476325,-0.999987,-0.00174389,1.51644,0,0,0,1],"included":true,"visible":[false,true,false,false,false,false,true,true,false,false,false,false,false,false,false,false,false,false,false,false,false,false,true,false,false,false,false,false,false,false,false,false,false,false,false,true,false,false,false,false,false,false,false,true,false,false,false,false,false,false,false,false,false,false,false,true,false,false,false,false,false,false,false,false,false,false,false,false,false,true,true,false,false,false,false,false,false,false,false,false,false,false,false,false,false,false,false,false,false],"unobstructed":[false,true,false,false,false,false,false,true,false,false,false,false,false,false,false,false,false,false,false,false,false,false,true,false,false,false,false,false,false,false,false,false,false,false,false,true,false,false,false,false,false,false,false,true,false,false,false,false,false,false,false,false,false,false,false,false,false,false,false,false,false,false,false,false,false,false,false,false,false,false,false,false,false,false,false,false,false,false,false,false,false,false,false,false,false,false,false,false,false],"height":1.5115790684549881},{"image_id":"8b222f6c479d48ccb0cc24fbd402618c","pose":[0.980179,-0.00086905,-0.198107,6.71931,0.198108,0.00152961,0.980178,5.88048,-0.000548434,-0.999998,0.00167287,-1.54338,0,0,0,1],"included":true,"visible":[false,false,false,false,false,false,false,false,false,true,false,false,false,false,false,false,false,false,false,false,false,false,false,false,false,false,false,false,false,false,false,false,false,false,true,false,false,false,false,true,true,true,false,false,false,false,false,true,false,false,false,false,false,false,false,false,true,false,false,false,false,false,false,false,false,false,false,false,false,false,false,false,true,false,false,false,false,false,true,false,true,true,false,false,false,true,false,false,false],"unobstructed":[false,false,false,false,false,false,false,false,false,false,false,false,false,false,false,false,false,false,false,false,false,false,false,false,false,false,false,false,false,false,false,false,false,false,false,false,false,false,false,false,false,false,false,false,false,false,true,false,false,false,false,false,false,false,true,false,false,false,false,false,false,false,false,false,false,false,false,false,false,false,false,false,false,false,false,false,false,false,true,false,false,true,false,false,false,true,false,false,false],"height":1.5155642778438798},{"image_id":"e830ab1f390446b2b95fd183038eba83","pose":[-0.988358,0.0356208,-0.147913,7.46881,0.147863,-0.0040345,-0.988999,5.62392,-0.0358253,-0.999357,-0.00127807,1.53968,0,0,0,1],"included":true,"visible":[false,false,false,false,false,false,false,false,false,false,false,false,false,false,false,false,false,false,false,false,false,false,false,false,false,false,false,false,true,false,false,false,false,false,false,false,false,false,false,false,false,false,false,false,true,false,false,false,false,false,false,false,false,false,false,false,false,false,false,false,false,false,false,false,true,false,false,false,false,false,false,false,false,false,false,false,false,true,false,true,false,false,false,false,false,false,false,false,true],"unobstructed":[false,false,false,false,false,false,false,false,false,false,false,false,false,false,false,false,false,false,false,false,false,false,false,false,false,false,false,false,true,false,false,false,false,false,false,false,false,false,false,false,false,false,false,false,true,false,false,false,false,false,false,false,false,false,false,false,false,false,false,false,false,false,false,false,false,false,false,false,false,false,false,false,false,false,false,false,false,true,false,true,false,false,false,false,false,false,false,false,true],"height":1.5294235676178323},{"image_id":"986e84207f0d470fb656b52ddb3d60bd","pose":[-0.734935,-0.00958503,0.678068,1.40432,-0.67812,0.00363074,-0.734941,-0.0296341,0.00458291,-0.999947,-0.00916676,1.50088,0,0,0,1],"included":true,"visible":[false,false,false,false,false,false,true,false,true,false,false,false,false,false,false,false,false,false,false,false,false,false,false,false,false,false,false,false,false,false,false,false,false,false,false,false,false,false,false,false,false,false,false,false,false,false,false,false,false,false,false,false,false,false,false,true,false,false,false,false,false,true,true,false,false,false,false,false,true,false,false,false,false,false,false,true,false,false,false,false,false,false,false,false,true,false,false,false,false],"unobstructed":[false,false,false,false,false,false,false,false,false,false,false,false,false,false,false,false,false,false,false,false,false,false,false,false,false,false,false,false,false,false,false,false,false,false,false,false,false,false,false,false,false,false,false,false,false,false,false,false,false,false,false,false,false,false,false,true,false,false,false,false,false,false,false,false,false,false,false,false,true,false,false,false,false,false,false,false,false,false,false,false,false,false,false,false,true,false,false,false,false],"height":1.4864073876216344},{"image_id":"a8cf5c8108c04749a5b19b2272e8a020","pose":[0.999929,0.000340926,-0.0117987,7.98979,0.0117963,0.00718675,0.999904,1.8338,0.000426056,-0.999973,0.00718364,-1.54826,0,0,0,1],"included":true,"visible":[false,false,false,false,false,false,false,false,false,true,false,false,false,false,false,true,false,false,false,false,false,false,false,true,false,true,false,true,false,false,true,false,true,false,false,false,false,false,false,false,true,false,false,false,false,false,true,false,false,false,true,false,false,false,false,false,true,false,false,false,false,false,false,true,false,false,false,true,false,false,false,true,false,true,false,false,false,false,false,false,false,false,false,false,false,true,false,true,false],"unobstructed":[false,false,false,false,false,false,false,false,false,true,false,false,false,false,false,false,false,false,false,false,false,false,false,true,false,true,false,false,false,false,false,false,false,false,false,false,false,false,false,false,false,false,false,false,false,false,false,false,false,false,false,false,false,false,false,false,true,false,false,false,false,false,false,false,false,false,false,true,false,false,false,true,false,false,false,false,false,false,false,false,false,false,false,false,false,false,false,false,false],"height":1.502228926234244},{"image_id":"87abdbbe4412443f8880dc8201eae793","pose":[-0.853667,0.00943404,-0.520732,2.57425,0.520795,0.00635378,-0.853657,4.76643,-0.00474446,-0.999935,-0.0103358,1.51615,0,0,0,1],"included":true,"visible":[false,true,false,false,false,false,true,true,false,false,true,false,true,false,false,false,false,true,false,false,false,false,false,false,false,false,false,false,false,false,false,false,false,false,false,false,false,false,false,false,false,false,false,true,false,false,false,false,false,false,false,false,false,false,false,false,false,false,false,false,false,true,false,false,false,false,false,false,false,true,true,false,false,false,false,true,false,false,false,false,false,false,false,true,false,false,false,false,false],"unobstructed":[false,true,false,false,false,false,true,true,false,false,false,false,false,false,false,false,false,true,false,false,false,false,false,false,false,false,false,false,false,false,false,false,false,false,false,false,false,false,false,false,false,false,false,true,false,false,false,false,false,false,false,false,false,false,false,false,false,false,false,false,false,true,false,false,false,false,false,false,false,false,false,false,false,false,false,false,false,false,false,false,false,false,false,false,false,false,false,false,false],"height":1.5141631016999941},{"image_id":"4de4dcb1c789459ca8b927ce0ded426b","pose":[-0.997671,0.00192881,-0.0681694,10.3744,0.0681462,-0.010097,-0.997624,3.03152,-0.00261216,-0.999947,0.00994345,-1.53835,0,0,0,1],"included":true,"visible":[true,false,false,false,false,false,false,false,false,true,false,false,false,false,false,true,false,false,false,false,false,true,false,false,false,false,true,true,false,false,true,false,true,false,true,false,false,false,false,false,false,true,false,false,false,false,false,false,false,true,true,false,false,false,true,false,false,false,true,false,false,false,false,true,false,false,false,false,false,false,false,false,false,false,false,false,false,false,true,false,false,false,false,false,false,false,false,false,false],"unobstructed":[false,false,false,false,false,false,false,false,false,true,false,false,false,false,false,true,false,false,false,false,false,true,false,false,false,false,true,false,false,false,false,false,false,false,true,false,false,false,false,false,false,false,false,false,false,false,false,false,false,true,false,false,false,false,false,false,false,false,false,false,false,false,false,true,false,false,false,false,false,false,false,false,false,false,false,false,false,false,true,false,false,false,false,false,false,false,false,false,false],"height":1.5155280332010437},{"image_id":"a49940b6a8204bfbac3c67cc57f78009","pose":[-0.78313,0.00463891,0.621839,4.92875,-0.621824,0.00427788,-0.783145,2.70342,-0.00629273,-0.999979,-0.000464144,1.50319,0,0,0,1],"included":true,"visible":[false,false,false,false,false,true,false,false,false,false,false,false,false,false,false,false,false,false,false,false,false,false,false,false,false,false,false,false,false,true,false,false,false,true,false,false,false,false,false,false,false,false,false,false,false,false,false,false,false,false,false,false,false,false,false,false,false,false,false,false,false,false,false,false,false,false,false,false,false,true,true,false,false,false,false,false,false,false,false,false,false,false,false,false,false,false,false,false,false],"unobstructed":[false,false,false,false,false,true,false,false,false,false,false,false,false,false,false,false,false,false,false,false,false,false,false,false,false,false,false,false,false,true,false,false,false,false,false,false,true,false,false,false,false,false,false,false,false,false,false,false,false,false,false,false,false,false,false,false,false,false,false,false,false,false,false,false,false,false,false,false,false,true,false,false,false,false,false,false,false,false,false,false,false,false,false,false,false,false,false,false,false],"height":1.5115314737564922},{"image_id":"3dba5bd235ef4c17a9c1641f070b2e9e","pose":[-0.983346,0.00205554,0.181722,6.99458,-0.181733,-0.0088618,-0.983307,-0.104206,-0.00041048,-0.999958,0.0090892,-1.5515,0,0,0,1],"included":true,"visible":[true,false,true,false,false,false,false,false,false,true,false,true,false,false,true,false,false,false,false,false,false,false,false,false,false,false,false,true,false,false,true,false,true,false,false,false,false,false,false,false,true,false,false,false,false,false,false,false,false,false,true,false,false,false,false,false,true,false,false,false,false,false,false,true,false,false,false,false,false,false,false,true,false,false,false,false,false,false,false,false,false,false,false,false,false,false,false,true,false],"unobstructed":[false,false,false,false,false,false,false,false,false,true,false,false,false,false,false,false,false,false,false,false,false,true,false,false,false,false,false,false,false,false,false,false,true,false,false,false,false,false,false,false,true,false,false,false,false,false,false,false,false,false,false,false,false,false,false,false,true,false,false,false,false,false,false,false,false,false,false,true,false,false,false,true,false,false,false,false,false,false,false,false,false,false,false,false,false,false,false,true,false],"height":1.5077491594359322},{"image_id":"b87109fdf11b465eb17b9153463013a8","pose":[-0.990376,0.00163946,0.138388,10.3575,-0.138396,-0.00670567,-0.990354,2.376,-0.000695297,-0.999976,0.00686944,-1.6617,0,0,0,1],"included":false,"visible":[false,false,false,false,false,false,false,false,false,true,false,false,false,false,false,true,false,false,false,false,false,false,false,true,false,false,false,false,false,false,false,false,false,false,true,false,false,false,false,false,false,true,false,false,false,false,false,false,false,true,false,false,false,false,true,false,false,false,false,false,false,false,false,true,false,false,false,false,false,false,false,false,false,true,false,false,false,false,true,false,false,false,false,false,false,false,false,false,false],"unobstructed":[false,false,false,false,false,false,false,false,false,true,false,false,false,false,false,true,false,false,false,false,false,false,false,true,false,false,false,false,false,false,false,false,false,false,true,false,false,false,false,false,false,false,false,false,false,false,false,false,false,true,false,false,false,false,false,false,false,false,false,false,false,false,false,false,false,false,false,false,false,false,false,false,false,false,false,false,false,false,false,false,false,false,false,false,false,false,false,false,false],"height":1},{"image_id":"90bab42098594c2ca44b917d5a857cd8","pose":[-0.0119765,-0.0109792,-0.999867,2.74419,0.999871,-0.01075,-0.0118581,-0.354629,-0.010618,-0.999881,0.0111079,-1.55065,0,0,0,1],"included":true,"visible":[false,false,true,false,false,false,false,false,false,false,false,false,false,false,true,false,false,false,false,false,false,false,false,true,false,true,false,false,false,false,true,false,true,false,false,false,false,false,false,false,true,false,false,false,false,false,false,false,false,false,true,false,false,false,false,false,true,false,false,false,false,false,false,false,false,false,false,false,false,false,false,true,false,false,false,false,false,false,false,false,false,false,false,false,false,false,false,true,false],"unobstructed":[false,false,true,false,false,false,false,false,false,false,false,false,false,false,false,false,false,false,false,false,false,false,false,false,false,false,false,false,false,false,false,false,false,false,false,false,false,false,false,false,false,false,false,false,false,false,false,false,false,false,true,false,false,false,false,false,false,false,false,false,false,false,false,false,false,false,false,false,false,false,false,false,false,false,false,false,false,false,false,false,false,false,false,false,false,false,false,false,false],"height":1.5059983801292267},{"image_id":"6c6a218f4d534b048edee677b2d3f8a9","pose":[0.994266,0.00241687,-0.106892,8.65915,0.106841,0.0158629,0.994149,6.72465,0.00409871,-0.999871,0.0155151,1.53608,0,0,0,1],"included":true,"visible":[false,false,false,true,false,true,false,false,false,false,false,false,false,false,false,false,false,false,false,true,false,false,false,false,false,false,false,false,false,false,false,false,false,false,false,false,false,false,false,false,false,false,true,false,false,true,false,false,false,false,false,false,false,false,false,false,false,true,false,false,false,false,false,false,false,false,false,false,false,false,false,false,false,false,false,false,false,true,false,true,false,false,false,false,false,false,false,false,true],"unobstructed":[false,false,false,false,false,false,false,false,false,false,false,false,false,false,false,false,false,false,false,true,false,false,false,false,false,false,false,false,false,false,false,false,false,false,false,false,false,false,false,false,false,false,false,false,false,false,false,false,false,false,false,false,false,false,false,false,false,false,false,false,false,false,false,false,false,false,false,false,false,false,false,false,false,false,false,false,false,true,false,false,false,false,false,false,false,false,false,false,false],"height":1.511909733553251},{"image_id":"01786822e023423984b997501fe97f02","pose":[-0.557499,0.00645972,0.830151,5.0799,-0.830155,0.00264844,-0.557524,1.46657,-0.00579969,-0.999975,0.00388748,1.50351,0,0,0,1],"included":true,"visible":[false,false,false,true,false,true,false,false,false,false,false,false,false,false,false,false,true,false,false,false,false,false,false,false,true,false,false,false,false,false,false,false,false,true,false,false,false,false,false,false,false,false,true,false,false,false,false,false,false,false,false,false,false,false,false,false,false,false,false,false,false,false,false,false,false,false,false,false,false,true,true,false,false,false,false,false,false,false,false,false,false,false,false,false,false,false,false,false,false],"unobstructed":[false,false,false,false,false,true,false,false,false,false,false,false,false,false,false,false,true,false,false,false,false,false,false,false,true,false,false,false,false,false,false,false,false,true,false,false,false,false,false,false,false,false,false,false,false,false,false,false,false,false,false,false,false,false,false,false,false,false,false,false,false,false,false,false,false,false,false,false,false,false,false,false,false,false,false,false,false,false,false,false,false,false,false,false,false,false,false,false,false],"height":1.5113965842043893},{"image_id":"43573f9abcf84f4b8af06c88a3864493","pose":[-0.081049,-0.00778247,-0.996679,3.97221,0.996692,-0.00650619,-0.080999,-0.260374,-0.00585384,-0.999948,0.00828546,-1.55288,0,0,0,1],"included":false,"visible":[true,false,true,false,false,false,false,false,false,false,false,true,true,false,true,false,false,false,false,false,false,false,false,true,false,true,false,true,false,false,false,false,true,false,false,false,false,false,false,false,true,false,false,false,false,false,false,false,false,false,true,false,false,false,false,false,true,false,false,false,false,false,false,false,false,false,true,true,false,false,false,true,false,false,true,false,false,false,false,false,false,false,false,false,false,false,true,true,false],"unobstructed":[false,false,false,false,false,fal