[{"image_id":"006933a75f764c5485cf284bea0ded0b","pose":[0.210914,-0.00824746,-0.977469,-7.64722,0.977278,0.0232484,0.210677,-2.15553,0.0209873,-0.999695,0.0129646,1.56695,0,0,0,1],"included":true,"visible":[false,false,true,false,true,true,false,true,true,true,false],"unobstructed":[false,false,false,false,false,false,false,true,true,false,false],"height":1.524793092035509},{"image_id":"e4ede0695e4e4a77aae8537abb9f11d3","pose":[-0.0422212,-0.0176246,-0.998952,-0.133122,0.998904,0.0194092,-0.0425613,-0.0184591,0.0201393,-0.999656,0.016787,1.48352,0,0,0,1],"included":true,"visible":[false,false,true,true,false,false,false,false,false,false,false],"unobstructed":[false,false,true,false,false,true,false,false,false,false,false],"height":1.5227398475592409},{"image_id":"d471e89e00be49f49a7ecace814d60bf","pose":[0.426939,-0.00370058,-0.904272,-0.421886,0.904055,0.0239963,0.426739,-2.12366,0.0201203,-0.999705,0.0135916,1.49477,0,0,0,1],"included":true,"visible":[true,true,false,true,true,true,false,true,true,true,false],"unobstructed":[false,true,false,true,false,true,false,false,false,false,false],"height":1.5263900136377955},{"image_id":"b34af02ce9b642ebbd0c7e9e0ba3b553","pose":[0.960272,0.00870611,-0.278924,-0.0905727,0.278755,0.0168277,0.960214,-3.55265,0.0130537,-0.99982,0.0137334,1.49061,0,0,0,1],"included":true,"visible":[true,true,true,false,false,false,false,false,false,false,false],"unobstructed":[false,false,true,false,false,true,false,false,false,false,false],"height":1.5323637229797105},{"image_id":"01c80b5f8fbd4c969ee0bc03f1ec7a6c","pose":[0.359562,-0.0105291,-0.933061,-3.77309,0.932771,0.0313799,0.359097,-2.1838,0.0254987,-0.999452,0.0211054,1.53932,0,0,0,1],"included":true,"visible":[true,false,true,false,false,true,false,true,true,true,false],"unobstructed":[false,false,false,false,false,true,false,true,false,false,false],"height":1.5286629461398107},{"image_id":"82ea5baa30f945fe98f6cad3064af847","pose":[0.0376233,-0.0115611,-0.999224,-2.01669,0.998821,0.0310955,0.0372487,-2.16965,0.030641,-0.999449,0.0127185,1.50807,0,0,0,1],"included":true,"visible":[true,true,true,true,true,false,false,true,true,true,false],"unobstructed":[false,true,true,true,true,false,false,false,false,false,false],"height":1.5253207999550662},{"image_id":"aecbb791f30b452a9236c5a8c7030663","pose":[0.296076,-0.0242641,-0.954855,-13.5955,0.955111,0.0179483,0.2957,-2.22547,0.00996343,-0.999544,0.0284901,1.59272,0,0,0,1],"included":true,"visible":[true,false,true,false,true,true,false,true,true,true,true],"unobstructed":[false,false,false,false,false,false,false,false,false,true,true],"height":1.7557263982456066},{"image_id":"d841f7b710f9470796d55561f8f524db","pose":[0.270437,0.002913,-0.962732,-5.77716,0.962325,0.0284129,0.27041,-2.21321,0.028142,-0.999591,0.00488176,1.55947,0,0,0,1],"included":true,"visible":[true,false,true,false,true,true,false,false,true,true,false],"unobstructed":[true,false,false,false,true,false,false,false,false,false,false],"height":1.5357935019251416},{"image_id":"8e38fdd81c7949db9646968bafbbdcfc","pose":[-0.00277118,-0.0169575,-0.999852,-9.93905,0.999791,0.020127,-0.00311204,-2.17463,0.0201771,-0.999653,0.0168993,1.60592,0,0,0,1],"included":true,"visible":[true,false,true,false,true,true,false,true,false,true,true],"unobstructed":[true,false,false,false,false,false,false,false,false,true,false],"height":1.5208970888736792},{"image_id":"20fd759be0b64fc9aa96d290f0a704ec","pose":[0.227815,0.0117555,-0.973633,-12.1161,0.973367,0.0235263,0.228037,-2.15724,0.025587,-0.999654,-0.00608172,1.59969,0,0,0,1],"included":true,"visible":[true,false,true,false,true,true,true,true,true,false,true],"unobstructed":[false,false,false,false,false,false,true,false,true,false,false],"height":1.5261379179165138},{"image_id":"d838acff82244c2da0cf2651e54966cb","pose":[0.310234,-0.0632421,-0.948553,-15.2317,0.950604,0.0313736,0.308813,-2.28133,0.0102298,-0.997504,0.0698525,0.902626,0,0,0,1],"included":true,"visible":[true,false,true,false,true,true,true,true,true,true,false],"unobstructed":[false,false,false,false,false,false,true,false,false,false,false],"height":1.558854711359605}]