[{"image_id":"32567588ba2745e094720d9963fa11f4","pose":[-0.797978,-0.00363569,-0.602676,-9.72688,0.602675,-0.010992,-0.797911,-16.3888,-0.00372358,-0.999933,0.0109626,1.50367,0,0,0,1],"included":true,"visible":[false,true,true,false,true,true,false,true,false,false,false,false,false,false,false,false,true,true,false,false,false,true,true,true,false,false,true,false,false,false,false,false,false,false,false,false,false,true,false,false,false,true,false,false,true,false],"unobstructed":[false,false,true,false,false,false,false,true,false,false,false,false,false,false,false,false,true,true,false,false,false,false,false,false,false,false,true,false,false,false,true,false,false,false,false,false,false,false,false,false,false,false,false,false,false,false],"height":1.0701827613650323},{"image_id":"f3be6160453848c2a67b02e33ab9f44d","pose":[-0.193099,-0.00657051,-0.981157,-9.38921,0.98098,-0.0214393,-0.19292,-20.854,-0.0197677,-0.999748,0.0105856,1.5086,0,0,0,1],"included":true,"visible":[false,false,false,false,false,false,false,true,false,true,true,false,false,false,true,false,true,false,false,false,false,true,false,false,false,false,true,false,true,false,false,false,false,true,false,false,false,true,true,false,false,true,false,false,false,false],"unobstructed":[false,false,false,false,false,false,false,false,false,false,false,false,false,false,false,false,false,false,false,false,false,true,false,false,false,false,true,false,false,false,false,false,false,false,false,false,false,false,true,false,false,true,false,false,false,false],"height":1.499400701998026},{"image_id":"8cbe0645c74748589e3a65bb4c6ac6e6","pose":[0.148612,-0.00297799,0.988891,-12.172,-0.988836,0.0105177,0.148635,-18.9642,-0.0108434,-0.99994,-0.00138158,1.4996,0,0,0,1],"included":true,"visible":[true,false,false,false,false,true,false,true,false,true,false,false,false,true,false,false,true,true,true,false,false,false,false,false,false,true,true,false,false,false,true,true,false,false,true,false,false,true,false,false,true,false,false,false,false,false],"unobstructed":[true,false,false,false,false,true,false,false,false,false,false,false,false,false,false,false,true,true,false,false,false,false,false,false,false,false,true,false,false,false,true,false,false,false,false,false,false,true,false,false,false,false,false,false,false,false],"height":1.506681417348329},{"image_id":"f8b2670423b84567bfcb673634861647","pose":[-0.979093,-0.00258283,-0.203393,-17.6236,0.203383,0.00367642,-0.979092,-31.5378,0.00327663,-0.99999,-0.00307414,1.48922,0,0,0,1],"included":true,"visible":[false,false,false,false,false,false,false,false,false,false,true,false,false,false,true,true,false,false,false,false,false,false,false,false,true,false,false,true,false,false,false,false,false,false,false,false,true,false,false,false,true,false,false,false,false,true],"unobstructed":[false,false,false,false,false,false,false,false,false,false,false,false,false,false,false,false,false,false,false,false,false,false,false,false,false,false,false,false,false,false,false,false,false,true,false,false,false,false,false,false,false,false,false,false,false,true],"height":1.5063330011841451},{"image_id":"bc43675a60e348aebc6ed08fcab966f0","pose":[0.114862,0.00113065,-0.993381,-7.0075,0.993372,-0.00446455,0.114856,-27.093,-0.00430508,-0.999989,-0.00163584,1.50254,0,0,0,1],"included":true,"visible":[true,false,false,false,false,false,false,false,true,false,false,true,false,true,false,false,false,false,false,false,true,false,true,false,true,false,true,true,false,false,true,true,false,false,false,false,true,false,false,true,true,true,false,false,false,false],"unobstructed":[false,false,false,false,false,false,false,false,true,false,false,false,false,false,false,false,false,false,false,false,false,false,false,false,true,false,false,false,false,false,false,false,false,false,false,false,false,false,false,true,false,true,false,false,false,false],"height":1.5000139662002443},{"image_id":"9287ccedc2a1449b8d98069893796ce7","pose":[-0.222977,0.0195961,0.974626,-14.2813,-0.974672,0.013142,-0.223252,-18.8253,-0.0171833,-0.999722,0.0161695,1.50596,0,0,0,1],"included":true,"visible":[true,false,true,false,false,false,false,false,false,false,false,false,false,false,false,false,true,false,false,false,false,false,false,false,false,false,false,false,false,false,true,false,false,false,false,false,false,false,true,false,false,false,false,false,false,false],"unobstructed":[false,false,true,false,false,false,false,false,false,false,false,false,false,false,false,false,false,false,false,false,false,false,false,false,false,false,false,false,false,false,false,false,false,false,false,false,false,false,true,false,false,false,false,false,false,false],"height":1.5104931863495965},{"image_id":"87cff1a8b93146819bfae6ca3561b968","pose":[0.206097,-0.00451373,-0.978521,-9.31561,0.978531,0.00160804,0.206092,-24.2913,0.000643309,-0.999988,0.00474835,1.50943,0,0,0,1],"included":true,"visible":[true,false,false,false,false,false,false,false,true,false,true,true,false,true,true,false,false,false,false,true,true,false,false,false,false,true,false,false,false,false,false,false,true,false,false,false,false,false,false,true,false,false,false,false,true,false],"unobstructed":[false,false,false,false,false,false,false,false,true,false,false,false,false,true,false,false,false,false,false,true,false,false,false,false,false,false,false,false,false,false,false,false,true,false,false,false,false,false,false,true,false,false,false,false,false,false],"height":1.5084187887334055},{"image_id":"793ca25615b5402388639a16a61f49ff","pose":[-0.0769282,0.00130074,0.997036,-11.4234,-0.997011,0.00709869,-0.0769356,-15.4866,-0.00717767,-0.999974,0.000750879,1.5115,0,0,0,1],"included":true,"visible":[true,false,true,false,false,false,false,false,false,true,false,false,false,true,false,false,false,true,true,false,false,true,true,false,false,true,true,false,false,false,false,false,false,false,false,false,false,true,true,false,true,false,false,false,false,false],"unobstructed":[true,false,false,false,false,false,false,false,false,false,false,false,false,false,false,false,true,true,false,false,false,false,false,false,false,false,true,false,false,false,false,false,false,false,false,false,false,false,false,false,false,false,false,false,false,false],"height":1.5043266138924278},{"image_id":"c47ebe08ee5a46bc919e653717fb5cac","pose":[0.0543789,-0.0111017,-0.998459,-7.81406,0.99852,0.000961276,0.0543717,-24.1647,0.000356225,-0.999938,0.0111377,1.50819,0,0,0,1],"included":true,"visible":[true,false,false,false,true,false,true,false,false,false,true,true,false,false,false,false,false,false,false,true,true,false,true,false,true,true,true,false,true,false,true,true,false,false,true,false,true,false,false,true,false,false,false,false,true,false],"unobstructed":[false,false,false,false,true,false,true,false,false,false,false,false,false,false,false,false,false,false,false,false,false,false,true,false,false,false,false,false,true,false,false,false,true,false,false,false,false,false,false,true,false,false,false,false,false,false],"height":1.5040397726667163},{"image_id":"6ad2166806a843fe8b71b97b8f59892b","pose":[-0.00414001,-0.0146469,-0.999884,-12.647,0.999846,-0.017092,-0.00388935,-29.6708,-0.017033,-0.999747,0.0147155,1.50345,0,0,0,1],"included":true,"visible":[false,false,true,false,false,false,false,true,false,false,true,false,false,true,true,false,false,true,true,true,false,false,false,false,true,true,false,true,false,false,false,false,false,true,false,true,true,true,false,false,true,false,false,true,false,false],"unobstructed":[false,false,false,false,false,false,false,false,false,false,true,false,false,false,true,false,false,false,true,false,false,false,false,false,false,false,false,false,false,false,false,false,false,true,false,true,false,false,false,false,true,false,false,true,false,false],"height":1.5062901702841909},{"image_id":"6653d46c77af458dad8243c60bf8ab0d","pose":[-0.357149,-0.00330171,-0.934042,-9.63831,0.933927,-0.0173364,-0.357044,-29.5767,-0.015014,-0.999844,0.00927537,1.48725,0,0,0,1],"included":true,"visible":[false,false,false,false,false,false,true,false,false,true,false,false,false,false,true,true,false,false,false,false,false,false,true,false,true,false,false,true,false,false,false,false,true,true,true,false,true,false,false,false,true,false,false,true,false,false],"unobstructed":[false,false,false,false,false,false,false,false,false,true,false,false,false,false,true,false,false,false,false,false,false,false,false,false,true,false,false,true,false,false,false,false,true,false,false,false,true,false,false,false,true,false,false,false,false,false],"height":1.5023405635194687},{"image_id":"6ff3be51f7ca4a0a842ce752a5641f9f","pose":[-0.366098,0.0283072,0.930146,-14.5644,-0.930446,0.00556093,-0.366386,-22.8348,-0.0155438,-0.999584,0.0243026,1.51485,0,0,0,1],"included":true,"visible":[false,false,false,false,false,false,true,false,true,false,false,false,false,true,true,false,false,false,true,true,true,false,false,true,false,false,false,false,false,false,false,false,false,false,false,false,false,false,false,true,false,false,false,false,true,false],"unobstructed":[false,false,false,false,false,false,false,false,false,false,false,false,false,true,false,false,false,false,true,true,true,false,false,false,false,false,false,false,false,false,false,false,false,false,false,false,false,false,false,false,false,false,false,false,true,false],"height":1.5055603996841411},{"image_id":"1c5df273f7a049d8b32b3c87e5fe97bb","pose":[0.16692,-0.0207988,-0.985751,-17.8708,0.985933,-0.00520232,0.167061,-26.3192,-0.00860281,-0.99977,0.019638,1.49919,0,0,0,1],"included":true,"visible":[false,false,false,false,false,false,true,false,true,false,false,false,false,false,false,false,false,false,false,true,false,false,false,true,false,true,false,false,false,true,false,false,false,false,false,false,false,false,false,false,false,false,true,false,false,false],"unobstructed":[false,false,false,false,false,false,false,false,false,false,false,false,false,false,false,false,false,false,false,false,false,false,false,true,false,false,false,false,false,true,false,false,false,false,false,false,false,false,false,false,false,false,false,false,false,false],"height":1.503912078870905},{"image_id":"39a197d67c5b41dea32f6e70d74dd88c","pose":[0.426119,0.00257204,0.904664,-12.7465,-0.904633,0.00990813,0.426076,-23.0127,-0.00786759,-0.999947,0.00654891,1.52484,0,0,0,1],"included":true,"visible":[false,false,true,false,false,false,true,true,false,true,false,true,false,false,false,false,false,true,true,true,true,false,false,true,false,true,false,false,false,false,false,false,false,false,false,false,false,true,false,true,true,false,false,false,true,false],"unobstructed":[false,false,false,false,false,false,true,false,false,false,false,true,false,false,false,false,false,false,false,true,false,false,false,true,false,true,false,false,false,false,false,false,false,false,false,false,false,true,false,false,false,false,false,false,true,false],"height":1.5071761462150002},{"image_id":"389cd887147b4557a07ee8e9cb58833a","pose":[-0.984689,0.00315102,-0.174292,-9.97195,0.174257,-0.00904022,-0.984659,-31.6096,-0.00467827,-0.999954,0.00835283,1.5151,0,0,0,1],"included":true,"visible":[false,false,false,true,false,false,true,false,false,true,true,true,false,false,false,false,false,false,true,false,false,false,false,false,true,false,false,true,false,false,false,false,true,true,true,true,true,false,false,false,true,false,false,true,false,false],"unobstructed":[false,false,false,false,false,false,false,false,false,true,true,false,false,false,false,false,false,false,false,false,false,false,false,false,true,false,false,true,false,false,false,false,false,false,false,false,false,false,false,false,true,false,false,false,false,false],"height":1.5038981572957753},{"image_id":"7702f3ee1c70458899c05a50b8b1d875","pose":[0.0954624,-0.0190986,-0.99525,-17.5462,0.995421,-0.00314329,0.0955393,-28.0205,-0.00495298,-0.999813,0.0187112,1.49224,0,0,0,1],"included":true,"visible":[false,false,false,true,false,false,false,false,false,true,true,false,false,false,true,false,false,false,false,false,false,false,false,false,false,false,false,true,false,false,false,false,false,false,false,true,true,false,false,false,false,false,false,false,false,true],"unobstructed":[false,false,false,false,false,false,false,false,false,false,false,false,false,false,false,false,false,false,false,false,false,false,false,false,false,false,false,false,false,false,false,false,false,false,false,true,false,false,false,false,false,false,false,false,false,true],"height":1.5016611039767698},{"image_id":"82cde0c186664d388f703d027e310f81","pose":[0.390025,-0.00610792,-0.920784,-9.97207,0.920802,0.00488013,0.39,-18.0633,0.00211151,-0.999969,0.00752767,1.49861,0,0,0,1],"included":true,"visible":[true,false,true,false,false,true,false,true,false,false,false,false,false,false,false,false,false,true,false,false,false,true,true,true,false,false,true,false,false,false,true,false,false,false,false,false,false,true,false,true,false,false,false,false,false,false],"unobstructed":[true,false,true,false,false,false,false,true,false,false,false,false,false,false,false,false,false,true,false,false,false,true,false,false,false,false,true,false,false,false,true,false,false,false,false,false,false,true,false,false,false,false,false,false,false,false],"height":1.5054065590012051},{"image_id":"d6c548c12e3248db8565452a436dee55","pose":[0.0589777,0.00970648,0.998212,-11.6722,-0.99814,0.0160042,0.0588178,-17.0412,-0.0154046,-0.999825,0.0106324,1.50397,0,0,0,1],"included":true,"visible":[true,false,true,false,false,false,false,true,false,true,false,false,false,true,false,false,true,false,true,false,false,false,false,false,false,true,true,false,false,false,true,false,false,false,false,false,false,true,false,false,true,false,false,false,false,false],"unobstructed":[true,false,true,false,false,false,false,true,false,false,false,false,false,false,false,false,true,false,false,false,false,false,false,false,false,false,false,false,false,false,false,false,false,false,false,false,false,false,false,false,false,false,false,false,false,false],"height":1.5057670655621054},{"image_id":"237cf579b9724e82b11ce6b26544ccf0","pose":[-0.0613408,-0.0196957,-0.997922,-12.4678,0.998116,-0.00225064,-0.0613082,-27.1313,-0.0010384,-0.999803,0.0197968,1.51016,0,0,0,1],"included":true,"visible":[false,false,true,false,false,false,false,true,false,true,false,true,false,true,true,false,false,true,false,true,false,false,false,false,false,true,false,false,false,false,false,false,false,true,false,false,false,true,false,false,true,false,false,false,false,false],"unobstructed":[false,false,false,false,false,false,false,false,false,true,false,true,false,false,false,false,false,false,false,true,false,false,false,false,false,true,false,false,false,false,false,false,false,false,false,false,false,false,false,false,false,false,false,false,false,false],"height":1.5040005353643486},{"image_id":"7cd287c5d5db4a6f812e1a5236cb63dc","pose":[0.312498,-0.0112209,-0.949852,-10.7812,0.949918,0.0042682,0.312469,-24.3862,0.000548029,-0.999928,0.0119928,1.51018,0,0,0,1],"included":true,"visible":[false,false,false,false,false,false,true,false,true,true,false,true,false,true,false,false,false,false,true,false,false,false,false,false,false,true,false,false,false,false,false,false,false,true,false,false,false,false,false,true,false,false,false,false,true,false],"unobstructed":[false,false,false,false,false,false,true,false,false,false,false,true,false,true,false,false,false,false,true,false,false,false,false,false,false,true,false,false,false,false,false,false,true,false,false,false,false,false,false,false,false,false,false,false,false,false],"height":1.5066765792606964},{"image_id":"607a1df3700a4c49992e776499203e0f","pose":[0.685324,-0.00912445,-0.728181,-16.561,0.728072,0.0299768,0.684845,-22.5262,0.0155798,-0.999509,0.0271872,1.51341,0,0,0,1],"included":true,"visible":[false,false,false,false,false,false,true,false,true,false,false,true,false,true,false,false,false,false,true,false,false,false,false,false,false,true,false,false,false,false,false,false,false,false,false,false,false,false,false,true,false,false,true,false,false,false],"unobstructed":[false,false,false,false,false,false,false,false,false,false,false,true,false,false,false,false,false,false,false,false,false,false,false,false,false,true,false,false,false,false,false,false,false,false,false,false,false,false,false,false,false,false,true,false,false,false],"height":1.5099236990429783},{"image_id":"6c4b1070eaf343258115185091a21ed2","pose":[0.0632636,-0.00247753,-0.997994,-8.67336,0.997807,-0.0193527,0.0632999,-20.712,-0.0194706,-0.99981,0.00124789,1.5092,0,0,0,1],"included":true,"visible":[true,true,false,false,true,false,false,false,false,false,false,false,false,false,false,false,true,false,false,false,false,false,true,false,false,false,true,false,true,false,true,false,false,true,false,false,true,true,true,true,false,false,false,false,false,false],"unobstructed":[false,true,false,false,false,false,false,false,false,false,false,false,false,false,false,false,true,false,false,false,false,false,true,false,false,false,true,false,true,false,false,false,false,false,false,false,false,false,false,true,false,false,false,false,false,false],"height":1.502703688347392},{"image_id":"b71c82404a724450bb725f3406109e81","pose":[-0.948824,-0.00240767,-0.315797,-7.62567,0.315806,-0.00651586,-0.948801,-22.2605,0.000226766,-0.999976,0.00694287,1.5192,0,0,0,1],"included":true,"visible":[false,false,false,false,true,false,false,false,true,false,false,false,false,false,true,false,false,false,false,false,false,true,false,false,true,false,true,true,true,false,false,true,false,false,true,false,true,false,false,false,false,false,false,false,false,false],"unobstructed":[false,false,false,false,false,false,false,false,true,false,false,false,false,false,false,false,false,false,false,false,false,true,false,false,false,false,true,false,true,false,false,false,false,false,true,false,false,false,false,false,false,true,false,false,false,false],"height":1.5089241034064715},{"image_id":"3399415150ee49ffa515aaddb57a5c72","pose":[-0.0837852,0.00655021,-0.996462,-15.2089,0.996483,0.00204536,-0.0837733,-26.4382,0.00148944,-0.999976,-0.00669842,1.48932,0,0,0,1],"included":true,"visible":[false,false,false,false,false,false,false,false,false,false,false,true,false,true,false,false,false,false,false,false,false,false,false,false,false,true,false,false,false,false,false,false,false,false,false,false,false,false,false,false,false,false,false,false,true,false],"unobstructed":[false,false,false,false,false,false,false,false,false,false,false,false,true,true,false,false,false,false,false,false,false,false,false,false,false,true,false,false,false,false,false,false,false,false,false,false,false,false,false,false,false,false,false,false,true,false],"height":1.5034815515837197},{"image_id":"9edeb5c75fb140aaa2dc18c655feadf2","pose":[-0.13618,-0.00515064,-0.990671,-7.07154,0.990638,-0.0103626,-0.136121,-29.3437,-0.00956479,-0.999933,0.00651372,1.50237,0,0,0,1],"included":true,"visible":[false,false,false,false,true,false,false,false,true,true,true,false,false,false,true,false,false,false,false,true,false,false,true,false,false,false,true,true,false,false,true,false,false,true,false,false,true,false,false,true,true,true,false,true,false,false],"unobstructed":[false,false,false,false,true,false,false,false,false,false,true,false,false,false,true,false,false,false,false,false,false,false,false,false,false,false,false,true,false,false,false,false,false,false,false,false,true,false,false,false,false,false,false,false,false,false],"height":1.5054772877769702},{"image_id":"a040c6015bc343d89d5e156fa4c5cde1","pose":[0.671809,-0.00507696,0.740707,-12.5384,-0.74064,0.0105507,0.67182,-24.6917,-0.0112257,-0.999931,0.00332796,1.52095,0,0,0,1],"included":true,"visible":[false,false,true,false,false,false,true,true,true,true,false,false,true,true,false,false,false,true,true,true,true,false,false,true,false,false,false,false,false,false,false,false,false,false,false,false,false,true,false,true,true,false,false,false,true,false],"unobstructed":[false,false,false,false,false,false,false,false,false,false,false,false,false,true,false,false,false,false,true,true,true,false,false,true,false,false,false,false,false,false,false,false,false,false,false,false,false,false,false,false,false,false,false,false,true,false],"height":1.5098933833012431},{"image_id":"ff9f20ef9e8b4a85aedd27912ee05e54","pose":[0.00893432,-0.000888544,-0.99996,-8.74004,0.99993,-0.00773557,0.00894106,-19.4034,-0.00774315,-0.99997,0.000819484,1.49463,0,0,0,1],"included":true,"visible":[true,true,true,false,true,true,false,true,true,false,false,false,false,false,false,false,true,true,false,false,false,true,true,false,true,false,false,false,true,false,true,false,false,true,false,false,true,false,false,false,false,false,false,false,false,false],"unobstructed":[true,true,true,false,false,false,false,true,false,false,false,false,false,false,false,false,true,false,false,false,false,true,true,false,false,false,false,false,true,false,true,false,false,false,false,false,false,false,false,false,false,false,false,false,false,false],"height":1.5069381342206163},{"image_id":"03559d70651f4463a4723bb1cd1f1130","pose":[-0.999862,0.00496083,0.0158727,-8.10479,-0.0159458,-0.0150061,-0.99976,-31.2531,-0.0047214,-0.999875,0.0150832,1.51001,0,0,0,1],"included":true,"visible":[false,false,false,true,true,false,false,false,false,true,true,false,false,false,true,true,false,false,false,false,false,false,true,false,true,false,false,false,true,false,false,false,false,true,false,false,true,false,false,true,true,true,false,true,false,true],"unobstructed":[false,false,false,false,false,false,false,false,false,false,true,false,false,false,true,false,false,false,false,false,false,false,false,false,true,false,false,false,false,false,false,false,true,false,false,false,true,false,false,false,false,false,false,false,false,false],"height":1.5086932432615467},{"image_id":"6895048a7d904c2c844aa0c93b80ce5c","pose":[-0.950756,0.00485126,-0.309904,-6.44204,0.309693,-0.0251247,-0.950504,-20.7238,-0.0123973,-0.999672,0.0223852,1.50768,0,0,0,1],"included":true,"visible":[false,true,false,false,false,false,false,false,true,false,false,false,false,false,false,false,false,true,false,false,false,true,true,false,true,false,false,true,false,false,false,true,false,false,true,false,true,true,true,false,false,true,false,false,false,false],"unobstructed":[false,false,false,false,false,false,false,false,true,false,false,false,false,false,false,false,false,false,false,false,false,true,true,false,false,false,true,false,false,false,false,false,false,false,true,false,false,false,false,false,false,true,false,false,false,false],"height":1.4988675130600033},{"image_id":"80c509ddcfa44453a10f1b9134e6dcee","pose":[0.413627,-0.000159749,-0.910446,-17.619,0.910443,0.00282966,0.413625,-24.743,0.00251023,-0.999996,0.00131598,1.49549,0,0,0,1],"included":true,"visible":[false,false,false,false,false,false,true,false,true,false,false,true,true,false,false,false,false,false,false,true,false,false,false,false,false,true,false,false,false,false,false,false,false,false,false,false,false,false,false,true,false,false,true,false,false,false],"unobstructed":[false,false,false,false,false,false,false,false,false,false,false,false,true,false,false,false,false,false,false,false,false,false,false,false,false,false,false,false,false,false,false,false,false,false,false,false,false,false,false,false,false,false,true,false,false,false],"height":1.504818392129836},{"image_id":"9bc875be102c409785e84510e100e8cb","pose":[0.330485,-0.0094661,-0.943764,-8.64198,0.943811,0.00292431,0.330472,-18.2291,-0.000368375,-0.999951,0.00990077,1.49513,0,0,0,1],"included":true,"visible":[true,false,true,false,true,true,false,true,true,false,false,false,false,false,false,false,true,true,false,false,false,true,true,false,true,false,true,false,false,false,false,false,false,false,false,false,true,false,false,true,false,true,false,false,false,false],"unobstructed":[true,false,true,false,false,false,false,false,false,false,false,false,false,false,false,false,true,false,false,false,false,false,false,false,false,false,true,false,false,false,false,false,false,false,false,false,false,false,false,false,false,false,false,false,false,false],"height":1.501039147570695},{"image_id":"ff8b471dbb634c88a81c1806b55673dd","pose":[-0.979266,0.00641607,-0.202477,-6.23236,0.202436,-0.00646955,-0.979274,-16.4307,-0.00759298,-0.999958,0.00503668,1.50719,0,0,0,1],"included":true,"visible":[true,false,true,false,false,true,false,false,true,false,false,false,false,false,false,false,true,false,false,false,false,false,false,false,false,false,false,false,true,false,false,false,false,false,true,false,true,false,false,true,false,true,false,false,false,false],"unobstructed":[false,false,false,false,false,false,false,false,false,false,false,false,false,false,false,false,false,false,false,false,false,false,false,false,false,false,false,false,false,false,false,false,false,false,true,false,false,false,false,false,false,false,false,false,false,false],"height":1.5030458477903799},{"image_id":"fe945e5c9af94a28bc1575a1c4a71d85","pose":[0.12381,0.00985255,0.992257,-9.59332,-0.992275,0.00911554,0.123721,-27.1058,-0.00782594,-0.99991,0.0109051,1.4933,0,0,0,1],"included":true,"visible":[false,false,false,false,false,false,true,false,true,false,true,false,false,false,true,false,false,false,false,true,false,false,true,false,false,false,false,true,true,false,false,false,false,false,true,false,false,false,false,false,false,false,false,false,false,false],"unobstructed":[false,false,false,false,false,false,true,false,true,false,true,false,false,false,false,false,false,false,false,true,false,false,false,false,false,false,false,true,false,false,false,false,false,false,false,false,false,false,false,false,false,false,false,false,false,false],"height":1.4980515418920082},{"image_id":"77fe21141fc0440ebf42fab2ef3ffabe","pose":[0.376706,0.000992089,-0.926332,-14.7249,0.926315,0.00572687,0.376706,-31.5901,0.00567876,-0.999983,0.00123848,1.50029,0,0,0,1],"included":true,"visible":[false,false,false,false,false,false,false,false,false,true,true,false,false,false,true,false,false,false,true,true,false,false,false,false,true,false,false,true,false,false,false,false,false,false,false,true,true,false,false,false,true,false,false,true,false,false],"unobstructed":[false,false,false,true,false,false,false,false,false,true,false,false,false,false,false,false,false,false,false,false,false,false,false,false,false,false,false,false,false,false,false,false,false,false,false,false,false,false,false,false,true,false,false,true,false,false],"height":1.4978589922295003},{"image_id":"0515b61e017f4a32b6029acbc802c759","pose":[-0.974225,0.00889241,-0.225401,-6.30849,0.225379,-0.00339211,-0.974265,-18.4508,-0.00942811,-0.999955,0.00130063,1.49274,0,0,0,1],"included":true,"visible":[true,false,false,false,false,true,false,false,true,false,false,false,false,false,false,false,true,false,false,false,false,false,true,false,false,false,false,true,true,false,false,true,false,false,false,false,true,false,false,true,false,true,false,false,false,false],"unobstructed":[false,false,false,false,false,false,false,false,false,false,false,false,false,false,false,false,false,false,false,false,false,false,true,false,false,false,false,false,true,false,false,true,false,false,false,false,false,false,false,false,false,false,false,false,false,false],"height":1.5042261873690985},{"image_id":"3a6a8619f57043b7a9e3335f11f9cac5","pose":[0.823283,0.0114583,0.567516,-15.5067,-0.567628,0.0128929,0.823184,-27.997,0.00211542,-0.999851,0.0171187,1.48644,0,0,0,1],"included":true,"visible":[false,false,false,false,false,false,false,false,false,true,false,false,false,false,true,true,false,false,false,false,false,false,false,false,false,false,false,true,false,false,false,false,false,true,false,false,false,false,false,false,true,false,false,true,false,false],"unobstructed":[false,false,false,false,false,false,false,false,false,true,false,false,false,false,false,true,false,false,false,false,false,false,false,false,false,false,false,false,false,false,false,false,false,false,false,false,false,false,false,false,true,false,false,true,false,false],"height":1.5020712826371259},{"image_id":"9ecb725719384358a22ddb54e33545a8","pose":[-0.970142,0.0035876,0.242511,-6.31958,-0.242537,-0.0129858,-0.970055,-31.2768,-0.000330929,-0.999909,0.0134683,1.51477,0,0,0,1],"included":true,"visible":[false,false,false,false,true,false,false,false,true,true,true,false,false,false,true,true,false,false,false,false,false,false,true,false,true,false,true,true,true,false,true,false,false,true,false,false,false,false,false,true,true,false,false,true,false,true],"unobstructed":[false,false,false,false,false,false,false,false,false,false,true,false,false,false,false,false,false,false,false,false,false,false,false,false,true,false,false,true,false,false,false,false,false,false,false,false,false,false,false,false,false,false,false,false,false,false],"height":1.0778709598347804},{"image_id":"f9d1ca3010504d76b745d6144318c912","pose":[-0.208055,0.00743088,0.978089,-12.533,-0.978107,-0.00616325,-0.208012,-20.7916,0.00448255,-0.999953,0.00855061,1.51466,0,0,0,1],"included":true,"visible":[false,true,true,false,false,false,false,true,false,true,false,false,false,true,false,false,true,true,true,false,false,true,false,false,false,true,false,false,true,false,false,false,false,false,false,false,false,false,true,false,true,false,false,false,true,false],"unobstructed":[false,false,true,false,false,false,false,false,false,false,false,false,false,true,false,false,true,false,false,false,false,false,false,false,false,false,false,false,false,false,false,false,false,false,false,false,false,false,true,false,false,false,false,false,true,false],"height":1.5041423227756754},{"image_id":"2d60c198cba5466bafbee296183f12cd","pose":[-0.191599,0.0101113,0.981421,-10.7455,-0.981398,-0.0144072,-0.191446,-20.7866,0.0122038,-0.999845,0.0126837,1.51654,0,0,0,1],"included":true,"visible":[false,true,false,false,false,true,false,false,false,false,false,false,false,false,false,false,false,true,false,false,false,true,false,false,false,false,false,false,true,false,false,false,false,false,false,false,false,true,false,false,false,false,false,false,false,false],"unobstructed":[false,true,false,false,false,true,false,false,false,false,false,false,false,false,false,false,false,false,false,false,false,false,false,false,false,false,false,false,false,false,false,false,false,false,false,false,false,true,false,false,false,false,false,false,false,false],"height":1.5138353370015443},{"image_id":"2b89c0792ebd409f9dbde95769017faa","pose":[0.367506,0.0015764,-0.93002,-6.85047,0.930021,-0.000850727,0.367505,-24.8998,-0.000211808,-0.999998,-0.00177862,1.50981,0,0,0,1],"included":true,"visible":[false,false,false,false,true,false,true,false,true,false,false,true,false,true,false,false,false,false,false,true,true,true,false,false,true,true,true,true,true,true,false,true,false,false,true,false,true,false,false,false,false,false,true,false,true,false],"unobstructed":[false,false,false,false,true,false,true,false,true,false,false,false,false,false,false,false,false,false,false,false,false,true,false,false,false,false,false,false,false,false,false,false,false,false,false,false,false,false,false,false,false,true,false,false,false,false],"height":1.5089697622984455},{"image_id":"abf2a4f981d9424b874127308de3bd05","pose":[0.156984,-0.0145127,-0.987494,-12.7787,0.987601,0.00261614,0.156963,-31.6578,0.000305525,-0.999891,0.0147436,1.52036,0,0,0,1],"included":true,"visible":[false,false,true,true,false,false,false,true,false,true,true,false,false,true,true,false,false,true,true,false,false,false,false,false,true,true,false,true,false,false,false,false,false,true,false,true,true,true,false,false,false,false,false,true,false,false],"unobstructed":[false,false,false,false,false,false,false,false,false,true,true,false,false,false,true,false,false,false,false,false,false,false,false,false,false,false,false,false,false,false,false,false,false,true,false,true,false,false,false,false,false,false,false,true,false,false],"height":1.5062414631949468},{"image_id":"6c73229eda4e4babab7e704847222dbf","pose":[0.50567,0.00793882,0.86269,-5.6239,-0.862722,0.00785224,0.505617,-23.4796,-0.00276,-0.999938,0.0108198,1.51592,0,0,0,1],"included":true,"visible":[false,true,false,false,true,false,false,false,false,false,false,false,false,false,false,false,true,true,false,true,false,true,true,false,true,true,true,true,true,false,false,true,false,false,true,false,false,false,false,true,false,false,false,false,true,false],"unobstructed":[false,true,false,false,true,false,false,false,false,false,false,false,false,false,false,false,false,false,false,false,false,false,true,false,false,false,false,false,true,false,false,false,false,false,false,false,false,false,false,true,false,false,false,false,false,false],"height":1.4931572927693666},{"image_id":"31c5ad1761654315a9ea6cab678de132","pose":[0.0501277,-0.015609,-0.998621,-17.709,0.99874,0.00285186,0.0500893,-23.0808,0.00206614,-0.999874,0.0157324,1.50136,0,0,0,1],"included":true,"visible":[false,false,false,false,false,false,true,false,false,false,false,false,true,true,false,false,false,false,false,true,true,false,false,false,false,false,false,false,false,true,false,false,false,false,false,false,false,false,false,true,false,false,false,false,false,false],"unobstructed":[false,false,false,false,false,false,false,false,false,false,false,false,false,false,false,false,false,false,false,false,true,false,false,false,false,false,false,false,false,true,false,false,false,false,false,false,false,false,false,false,false,false,false,false,false,false],"height":1.5076476568936117},{"image_id":"94582ecd71c0417ab88ec933184b8b63","pose":[-0.0455687,0.0177798,0.998803,-14.8698,-0.99896,0.000907381,-0.0455921,-29.7584,-0.00171686,-0.999841,0.0177201,1.49273,0,0,0,1],"included":true,"visible":[false,false,false,false,false,false,false,false,false,true,true,false,false,false,true,false,false,false,false,false,false,false,false,false,true,false,false,true,false,false,false,false,false,true,false,true,true,false,false,false,true,false,false,false,false,false],"unobstructed":[false,false,false,false,false,false,false,false,false,true,false,false,false,false,false,false,false,false,false,false,false,false,false,false,false,false,false,false,false,false,false,false,false,true,false,true,false,false,false,false,true,false,false,false,false,false],"height":1.4967252778327336},{"image_id":"ed2415c9e6d24232af438dae3a3e20c5","pose":[0.905739,0.0181664,0.423446,-14.8915,-0.423708,0.0142938,0.905686,-24.7564,0.0104005,-0.999733,0.0206438,1.49963,0,0,0,1],"included":true,"visible":[false,false,false,false,false,false,true,false,true,false,false,true,false,true,false,false,false,false,false,true,false,false,false,true,false,true,false,false,false,false,false,false,false,false,false,false,false,true,false,true,false,true,false,false,false,false],"unobstructed":[false,false,false,false,false,false,false,false,false,false,false,true,false,true,false,false,false,false,false,false,false,false,false,true,false,true,false,false,false,false,false,false,false,false,false,false,false,true,false,false,false,false,false,false,false,false],"height":1.497955987864741},{"image_id":"34f4f7c661e845fa9729246b873874a7","pose":[-0.850788,-0.00298451,-0.525501,-17.6731,0.525484,-0.0146654,-0.850677,-29.9499,-0.00516779,-0.999888,0.0140456,1.48824,0,0,0,1],"included":true,"visible":[false,false,false,true,false,false,false,false,false,false,true,false,false,false,true,true,false,false,false,false,false,false,false,false,true,false,false,true,false,false,false,false,false,false,false,false,true,false,false,false,false,false,false,false,false,false],"unobstructed":[false,false,false,true,false,false,false,false,false,false,false,false,false,false,false,true,false,false,false,false,false,false,false,false,false,false,false,false,false,false,false,false,false,false,false,false,false,false,false,false,false,false,false,false,false,false],"height":1.4983163354184494}]