[{"image_id":"718e7b8d4f63458d951d734b777c4562","pose":[0.483804,0.0245291,-0.874832,19.8847,0.87483,0.0145286,0.484211,-0.555974,0.0245876,-0.999593,-0.0144288,1.2958,0,0,0,1],"included":true,"visible":[false,false,true,false,false,true,false,true,false,false,true,true,true,false,false,false,true,false,false,false,true,false,false,false,true,true,false,false,true,true,false,true,true,true,true,false,false,false,false,false,true,false,true,true,false,false,false,true,false,false,true,false,false,false,true,false,false,true,true,false,false,true,false,false,true,false,true,false,false,false,true,false,false,false,true,true,false],"unobstructed":[false,false,false,false,false,false,false,false,false,false,false,false,false,false,false,false,true,false,false,false,false,false,false,false,false,false,false,false,false,false,false,false,false,true,false,false,false,false,false,false,false,false,false,false,false,false,false,false,false,false,false,false,false,false,false,false,false,false,true,false,false,true,false,false,false,false,false,false,false,false,false,false,false,false,true,true,false],"height":1.2989781231540685},{"image_id":"6b5b3af64da14b31bd71ce752c5be0e2","pose":[0.318857,-0.0116335,0.947731,13.654,-0.947746,-0.0148463,0.31868,-3.04609,0.0103632,-0.999822,-0.0157584,1.46438,0,0,0,1],"included":true,"visible":[false,false,false,true,false,true,false,false,false,false,false,false,false,false,true,false,false,false,false,false,false,false,false,false,true,false,false,false,false,false,false,false,false,false,true,false,false,false,true,false,false,false,false,false,false,false,false,false,false,false,false,false,true,false,false,true,false,false,true,false,false,true,false,true,false,false,true,false,false,false,false,false,false,false,false,true,false],"unobstructed":[false,false,false,true,false,false,false,false,false,false,true,false,false,false,false,false,false,false,false,false,false,false,false,false,false,false,false,false,false,false,false,false,false,false,false,false,false,false,false,false,false,false,false,false,false,false,false,false,false,false,false,false,false,false,false,false,false,false,false,false,false,false,false,false,false,false,false,false,false,false,false,false,false,false,false,false,false],"height":1.4546801320655491},{"image_id":"caada625c5b4460da34bd695539db791","pose":[0.144599,-0.0243642,0.98919,17.0566,-0.989489,-0.00353837,0.144555,0.155328,-0.0000215857,-0.999696,-0.0246188,1.48291,0,0,0,1],"included":true,"visible":[true,false,false,true,false,false,false,true,false,false,true,true,false,false,false,false,false,false,false,false,true,true,false,false,true,true,false,false,true,true,false,true,true,true,true,false,false,false,true,false,true,false,true,false,false,false,false,false,true,false,false,false,true,false,true,false,false,true,true,false,false,true,false,false,false,false,true,false,false,true,true,false,true,false,false,true,false],"unobstructed":[false,false,false,false,false,false,false,false,false,false,false,false,false,false,false,false,false,false,false,false,false,false,false,false,false,false,false,false,false,false,false,true,false,true,false,false,false,false,false,false,false,false,false,false,false,false,false,false,true,false,false,false,true,false,false,false,false,false,true,false,false,true,false,false,false,false,true,false,false,false,false,false,false,false,false,true,false],"height":1.4703178498523513},{"image_id":"456873879af44c6a90ca9b2c9dcbb0f0","pose":[0.152387,-0.0130688,0.988234,12.3785,-0.988295,-0.00914651,0.152275,-1.41766,0.00704912,-0.999872,-0.0143086,1.47731,0,0,0,1],"included":true,"visible":[true,true,true,false,false,true,true,true,false,true,true,false,true,false,true,false,false,false,false,false,false,false,false,true,true,false,false,false,false,false,false,true,true,false,true,false,false,false,false,false,false,true,true,false,false,false,false,false,false,false,false,false,true,true,false,false,false,false,true,false,false,true,false,true,false,true,false,false,false,false,true,false,false,false,false,true,false],"unobstructed":[false,true,false,false,false,false,false,false,false,false,true,false,false,false,false,false,false,false,false,false,false,false,false,true,true,false,false,false,false,false,false,true,false,false,false,false,false,false,false,false,false,false,false,false,false,false,false,false,false,false,false,false,false,false,false,false,false,false,false,false,false,false,false,false,false,false,false,false,false,false,true,false,false,false,false,false,false],"height":1.4691449093081177},{"image_id":"7ab6ad5c2ece4bce86a867aba2814e31","pose":[0.905791,0.00856358,-0.423636,16.4508,0.423694,-0.00673088,0.90578,6.27061,0.00490555,-0.99994,-0.00972411,1.47027,0,0,0,1],"included":true,"visible":[true,false,false,false,false,false,false,false,false,false,false,false,false,false,false,false,false,false,false,false,false,false,false,false,false,false,false,false,false,false,false,false,false,false,false,false,false,false,false,false,false,false,false,true,false,false,false,true,false,false,false,false,false,false,false,false,false,false,true,false,false,false,false,false,false,false,true,false,false,false,false,false,false,false,false,true,false],"unobstructed":[false,false,false,false,false,false,false,false,false,false,false,false,false,false,false,false,false,false,false,false,false,false,false,false,false,false,false,false,false,false,false,false,false,false,false,false,false,false,false,false,false,false,false,true,false,false,false,false,false,false,false,false,false,false,true,false,false,false,false,false,false,false,false,false,false,false,false,false,false,false,false,false,false,false,false,false,false],"height":1.4625893725099304},{"image_id":"c21d4e9381cf4021a3204795831464c3","pose":[-0.666403,-0.0141894,0.745456,14.0445,-0.74554,0.00102433,-0.666459,1.74689,0.0086933,-0.999898,-0.0112603,1.48248,0,0,0,1],"included":true,"visible":[true,false,false,true,false,false,false,true,false,true,true,false,false,false,true,false,false,false,false,false,false,false,false,true,true,true,false,false,true,true,false,true,false,true,false,false,true,false,false,false,true,true,false,false,false,true,false,false,false,false,false,false,false,false,false,false,false,true,false,false,false,false,true,false,false,false,false,false,false,true,true,false,false,false,false,true,false],"unobstructed":[false,false,false,false,false,false,false,false,false,false,true,false,false,false,false,false,false,false,false,false,false,false,false,false,true,false,false,false,false,false,false,true,false,false,false,false,false,false,false,false,false,false,false,false,false,true,false,false,false,false,false,false,false,false,false,false,false,false,false,false,false,false,false,false,false,false,false,false,false,false,false,false,false,false,false,false,false],"height":1.4675144631814072},{"image_id":"85541431cbaf4053af5fde8bcebc4d92","pose":[-0.988983,-0.0274112,-0.145465,0.737783,0.145403,0.004242,-0.989363,-2.69106,0.027737,-0.999615,-0.000208557,1.44965,0,0,0,1],"included":true,"visible":[false,false,false,false,false,true,false,false,true,false,true,false,true,false,true,false,false,true,false,true,true,false,false,false,false,false,false,false,false,false,false,true,false,false,false,false,false,true,true,false,false,true,false,false,false,false,false,false,true,false,false,false,true,false,false,false,false,false,true,false,false,true,false,true,false,true,true,false,false,true,false,false,false,true,false,false,false],"unobstructed":[false,false,false,false,false,false,false,false,false,false,false,false,false,false,false,false,false,false,false,false,true,false,false,false,false,false,false,false,false,false,false,false,false,false,false,false,false,false,true,false,false,false,false,false,false,false,false,false,false,false,false,false,false,false,false,false,false,false,false,false,false,false,false,false,false,true,false,false,false,true,false,false,false,false,false,false,false],"height":1.4683054456383702},{"image_id":"114842471cc14a44b2f284c943281413","pose":[-0.959873,-0.00360514,-0.280408,5.89026,0.280227,0.0258205,-0.959586,0.465997,0.0107,-0.99966,-0.0237731,1.46695,0,0,0,1],"included":true,"visible":[true,false,true,false,false,false,false,false,false,false,true,false,false,false,false,false,false,false,false,true,true,false,false,true,true,false,false,false,true,true,false,true,false,true,true,false,false,true,true,false,false,false,true,false,false,false,false,false,false,false,false,false,false,false,false,true,false,false,true,false,true,true,false,false,false,true,false,false,false,true,true,false,false,false,false,true,false],"unobstructed":[false,false,false,false,false,false,false,false,false,false,false,false,false,false,false,false,false,false,false,true,false,false,false,false,false,false,false,false,false,true,false,false,false,false,true,false,false,false,false,false,false,false,true,false,false,false,false,false,false,false,false,false,false,false,false,false,false,false,false,false,false,false,false,false,false,true,false,false,false,false,false,false,false,false,false,false,false],"height":1.4604087146877986},{"image_id":"cc7528acf922480cb0a9169d4e539e70","pose":[-0.95286,-0.00330994,-0.303389,8.1557,0.303205,0.026073,-0.952568,7.7144,0.0110635,-0.999654,-0.0238393,1.49181,0,0,0,1],"included":true,"visible":[false,false,false,false,false,false,false,true,false,true,false,false,false,false,false,false,false,false,false,true,false,false,false,false,false,false,false,false,false,false,false,false,false,false,false,true,false,false,false,false,false,false,true,false,false,false,false,false,false,false,false,false,false,false,false,true,true,false,false,false,true,false,false,true,false,false,false,false,false,false,false,true,false,false,false,false,false],"unobstructed":[false,false,false,false,false,false,false,false,false,false,false,false,false,false,false,false,false,false,false,false,false,false,false,false,false,false,false,false,false,false,false,false,false,false,false,false,false,false,false,false,false,false,false,false,false,false,false,false,false,false,false,false,false,false,false,true,false,false,false,false,true,false,false,true,false,false,false,false,false,false,false,true,false,false,false,false,false],"height":1.4778796294008798},{"image_id":"5a158ce64e934236af9dccbecec6e16b","pose":[-0.13325,0.0111107,-0.99102,8.16133,0.990913,0.0199278,-0.133013,-1.5724,0.0182712,-0.999739,-0.0136641,1.45789,0,0,0,1],"included":true,"visible":[false,false,true,false,false,true,true,false,true,false,false,false,true,false,false,false,false,false,false,true,true,false,false,true,true,false,false,false,false,false,false,true,false,false,true,true,false,true,false,true,false,true,true,false,false,false,false,false,false,true,false,false,true,true,false,false,false,false,true,false,false,false,false,true,false,true,true,false,false,true,true,false,false,false,false,true,false],"unobstructed":[false,false,false,false,false,false,false,false,false,false,false,false,true,false,false,false,false,false,false,true,false,false,false,false,true,false,false,false,false,false,false,false,false,false,true,false,false,false,false,false,false,true,true,false,false,false,false,false,false,false,false,false,false,false,false,false,false,false,false,false,false,false,false,false,false,false,false,false,false,false,true,false,false,false,false,false,false],"height":1.4619228324887794},{"image_id":"60e9c84ab617491594f5c2950cc6f3ee","pose":[0.369345,-0.00446928,0.929282,13.1182,-0.929278,-0.00728816,0.369308,-0.0576188,0.00512248,-0.999963,-0.00684404,1.47481,0,0,0,1],"included":true,"visible":[true,false,true,true,false,true,false,true,false,false,false,false,true,false,true,false,false,false,false,false,true,false,false,false,true,true,false,false,true,true,false,true,true,true,false,false,false,false,false,false,true,true,true,false,false,false,false,false,false,false,false,false,true,true,false,true,false,false,false,false,false,false,false,true,false,false,false,false,false,false,true,false,false,false,false,true,false],"unobstructed":[false,true,false,true,false,true,false,false,false,false,false,false,false,false,false,false,false,false,false,false,false,false,false,false,true,false,false,false,false,false,false,true,false,true,false,false,false,false,false,false,false,false,false,false,false,true,false,false,false,false,false,false,false,true,false,false,false,false,false,false,false,false,false,false,false,false,false,false,false,false,false,false,false,false,false,false,false],"height":1.4608041540783863},{"image_id":"7b99836e3e0045f2b5cc212e8181914b","pose":[0.86622,0.00229865,0.499657,22.0255,-0.499599,-0.0118009,0.866176,-1.55223,0.00788768,-0.999927,-0.00907274,0.587672,0,0,0,1],"included":true,"visible":[true,false,true,false,false,false,false,false,false,false,true,false,false,false,false,false,true,false,false,false,false,false,false,false,true,true,true,true,false,false,false,true,false,false,true,false,false,false,false,false,true,false,false,false,false,true,true,true,false,false,true,false,false,true,false,false,false,true,false,false,false,false,false,false,true,false,false,true,false,false,false,false,true,false,true,true,true],"unobstructed":[false,false,false,false,false,false,false,false,false,false,false,false,false,false,false,false,true,false,false,false,false,false,false,false,false,false,true,true,false,false,true,false,false,false,false,false,false,false,false,false,true,false,false,false,false,false,true,true,false,false,false,false,false,false,false,false,false,false,false,false,false,false,false,false,true,false,false,true,false,false,false,false,false,false,false,false,false],"height":1.4601725327086321},{"image_id":"adbe4f1c6ccd4dfbb3752685700e412a","pose":[-0.987908,-0.0162219,0.154181,4.38677,-0.154501,0.0207915,-0.987773,-2.85709,0.0128182,-0.999652,-0.0230454,1.45977,0,0,0,1],"included":true,"visible":[false,false,false,false,false,true,true,false,true,true,true,false,false,false,true,false,false,false,false,true,true,false,false,false,true,false,false,false,true,true,false,false,true,false,false,false,false,true,false,false,false,true,false,false,false,false,false,false,true,false,false,false,true,true,false,false,false,false,true,true,false,false,false,false,false,true,true,false,false,false,false,false,false,true,false,false,false],"unobstructed":[false,false,false,false,false,false,false,false,false,true,false,false,false,false,false,false,false,false,false,false,false,false,false,false,false,false,false,false,false,true,false,false,true,false,false,false,false,false,false,false,false,true,false,false,false,false,false,false,false,false,false,false,false,false,false,false,false,false,false,false,false,false,false,false,false,true,false,false,false,false,false,false,false,false,false,false,false],"height":1.4684256012679715},{"image_id":"fc54060df0b540cca6c490e2524ee4e3","pose":[-0.121407,0.0147795,-0.992492,12.3897,0.99258,0.00840783,-0.121292,7.00253,0.00655234,-0.999855,-0.0156896,1.47006,0,0,0,1],"included":true,"visible":[false,false,false,false,false,false,false,false,false,false,false,false,false,false,false,false,false,false,false,false,false,false,true,false,false,false,false,false,false,false,false,false,false,false,false,true,false,false,false,false,false,false,false,false,false,false,false,false,false,false,false,false,true,false,false,false,true,false,false,false,false,false,false,false,false,false,false,false,false,false,false,true,false,false,false,false,false],"unobstructed":[false,false,false,false,false,false,false,false,false,false,false,false,false,false,false,true,false,false,false,false,false,false,true,false,false,false,false,false,false,false,false,false,false,false,false,true,false,false,false,false,false,false,false,false,false,false,false,false,false,false,false,false,false,false,false,false,true,false,false,false,false,false,false,false,false,false,false,false,false,false,false,false,false,false,false,false,false],"height":1.4605885384141795},{"image_id":"2b8074f44cbb43e0949091be7cc1a7b1","pose":[-0.939985,-0.00429779,-0.341188,6.55144,0.340899,0.0311293,-0.939584,3.55402,0.0146593,-0.999506,-0.027795,1.48593,0,0,0,1],"included":true,"visible":[true,true,false,true,false,false,true,false,true,true,true,false,false,false,false,false,false,false,false,true,false,false,false,false,true,false,false,false,false,false,false,false,true,true,true,false,false,false,true,false,false,false,false,false,false,false,false,false,false,false,false,false,false,false,false,true,false,true,false,false,false,false,false,true,false,true,false,false,false,false,true,false,true,true,false,true,false],"unobstructed":[false,false,false,false,false,false,false,false,false,false,false,false,false,false,false,false,false,false,false,false,false,false,false,false,false,false,false,false,false,false,false,false,false,false,false,false,false,false,false,false,false,false,false,false,false,false,false,false,false,false,false,false,false,false,false,true,false,false,false,false,false,false,false,true,false,false,false,false,false,false,true,false,true,false,false,false,false],"height":1.466734592413665},{"image_id":"1223ee164fc040c0bd13c366f7a22059","pose":[-0.963514,-0.0158159,0.267188,14.0351,-0.26724,0.00118439,-0.963629,4.53274,0.0149245,-0.999874,-0.00536682,1.47176,0,0,0,1],"included":true,"visible":[false,false,false,false,false,false,false,false,false,false,false,false,false,true,false,false,false,false,false,false,false,false,true,false,false,false,false,false,false,false,false,false,false,false,false,false,false,false,false,false,false,false,false,false,false,false,false,false,false,false,false,false,false,false,true,false,false,false,false,false,false,false,false,false,false,false,false,false,false,false,false,false,false,false,false,false,false],"unobstructed":[false,false,false,false,false,false,false,false,false,false,false,false,false,true,false,false,false,false,false,false,false,false,true,false,false,false,false,false,false,false,false,false,false,false,false,false,false,false,false,false,false,false,false,false,false,false,false,false,false,false,false,false,false,false,true,false,false,false,false,false,false,false,false,false,false,false,false,false,false,false,false,false,false,false,false,false,false],"height":1.4583148930889607},{"image_id":"8ae0426af8824849ba75a6147325c30c","pose":[0.458393,0.00111144,-0.888748,20.9101,0.888704,0.00938769,0.458383,-0.975139,0.00885303,-0.999955,0.00331653,0.841588,0,0,0,1],"included":true,"visible":[true,false,true,false,false,true,false,true,false,false,true,true,false,false,false,false,false,false,false,false,true,false,false,false,true,true,true,true,true,true,true,true,false,false,true,false,false,true,false,false,true,false,true,false,false,true,true,false,false,false,true,false,false,true,false,false,false,true,true,false,false,false,false,false,true,false,false,false,false,true,true,false,false,false,true,true,true],"unobstructed":[true,false,false,false,false,false,false,false,false,false,false,true,false,false,false,false,false,false,false,false,false,false,false,false,false,false,true,true,false,false,true,false,false,false,false,false,false,false,false,false,false,false,false,false,false,false,true,false,false,false,false,false,false,false,false,false,false,false,true,false,false,false,false,false,true,false,false,false,false,false,false,false,false,false,true,false,true],"height":1.545844389122028},{"image_id":"9ec67b93aa244cdcaf3f6cfb4572300a","pose":[0.0632733,0.0151903,-0.99788,1.36096,0.997064,0.0422148,0.0638645,4.01253,0.0430957,-0.998993,-0.0124736,1.46507,0,0,0,1],"included":true,"visible":[false,false,false,true,false,false,true,false,false,false,false,false,true,false,false,false,false,false,false,true,true,false,false,true,false,false,false,false,true,false,false,true,true,true,false,false,false,false,true,false,false,false,false,false,false,false,false,false,true,false,false,false,false,false,false,false,false,false,false,false,false,false,false,false,false,true,false,false,false,true,false,false,true,true,false,false,false],"unobstructed":[false,false,false,false,false,false,false,false,false,false,false,false,false,false,false,false,false,false,false,false,false,false,false,false,false,false,false,false,true,false,false,false,false,false,false,false,false,false,false,false,false,false,false,false,false,false,false,false,false,false,false,false,false,false,false,false,false,false,false,false,false,false,false,false,false,false,false,false,false,false,false,false,true,true,false,false,false],"height":1.4722830276658558},{"image_id":"e8bc16aba1c747abb860a4f5ad106142","pose":[0.382658,0.0185435,-0.923703,22.0292,0.923885,-0.00453161,0.382643,-7.36627,0.00290993,-0.999817,-0.0188651,0.604529,0,0,0,1],"included":true,"visible":[false,false,false,false,false,false,false,false,false,false,false,true,false,false,false,false,false,false,false,false,false,false,false,false,false,false,false,true,false,false,false,false,false,false,false,false,false,false,false,false,true,false,false,false,false,false,true,true,false,false,true,false,false,false,false,false,false,false,false,false,false,false,false,false,true,false,false,false,false,false,false,false,false,false,true,false,true],"unobstructed":[false,false,false,false,false,false,false,false,false,false,false,false,false,false,false,false,false,false,false,false,false,false,false,false,false,false,false,false,false,false,false,false,false,false,false,false,false,false,false,false,false,false,false,false,false,false,false,true,false,false,true,false,false,false,false,false,false,false,false,false,false,false,false,false,false,false,false,false,false,false,false,false,false,false,false,false,false],"height":1.470052625770306},{"image_id":"9c90566989cb4f9f80b711d1a9876e1a","pose":[0.685405,-0.00184636,0.72816,9.39799,-0.728087,-0.0160385,0.685296,-1.84525,0.0104135,-0.999869,-0.0123362,1.46357,0,0,0,1],"included":true,"visible":[false,true,true,false,false,true,true,false,false,true,false,false,true,false,true,false,false,false,false,false,true,false,false,true,false,false,false,false,false,false,false,true,false,false,true,true,false,false,false,true,false,true,true,false,false,false,false,false,false,true,false,false,true,true,false,false,false,false,true,false,false,false,false,true,false,true,false,false,false,false,true,false,false,false,false,true,false],"unobstructed":[false,false,false,false,false,false,false,true,false,true,false,false,false,false,false,false,false,false,false,false,false,false,false,true,false,false,false,false,false,false,false,false,false,false,false,false,false,false,false,false,false,true,true,false,false,false,false,false,false,false,false,false,false,false,false,false,false,false,false,false,false,false,false,true,false,false,false,false,false,false,true,false,false,false,false,false,false],"height":1.4654728035826794},{"image_id":"ca6802bef7144bad9d5d1924dada9d9e","pose":[0.477704,0.00765615,-0.878487,-1.12588,0.878504,0.00186991,0.47773,0.799884,0.00530054,-0.999969,-0.00583168,1.43753,0,0,0,1],"included":true,"visible":[true,false,true,false,false,false,true,true,false,true,true,false,false,false,true,false,false,true,false,false,false,false,false,false,true,false,false,false,true,true,false,true,true,false,false,false,false,false,true,false,false,true,true,false,false,false,false,false,true,false,false,false,false,false,false,false,false,false,false,false,false,false,false,false,false,false,false,false,false,true,true,false,false,false,false,true,false],"unobstructed":[false,false,false,false,false,false,true,false,false,false,false,false,false,false,false,false,false,false,false,false,false,false,false,false,false,false,false,false,true,false,false,false,false,false,false,false,false,false,true,false,false,false,false,false,false,false,false,false,false,false,false,false,false,false,false,false,false,false,false,false,false,false,false,false,false,false,false,false,false,true,false,false,false,false,false,false,false],"height":1.4681295652720232},{"image_id":"1f701e524a6d48abbfdf40cd288cf1dd","pose":[-0.303023,-0.0183121,0.952807,19.462,-0.95296,-0.000965021,-0.303091,4.49048,0.00646996,-0.999831,-0.0171572,1.47166,0,0,0,1],"included":true,"visible":[false,false,true,false,false,false,false,false,false,false,false,false,false,false,false,false,false,false,false,false,false,false,false,false,false,false,false,false,false,false,false,false,false,true,false,false,false,false,false,false,false,false,false,false,false,false,false,false,false,false,false,false,true,false,false,false,false,false,true,false,false,true,false,false,false,true,false,false,false,false,false,false,false,false,false,true,false],"unobstructed":[false,false,false,false,false,false,false,false,false,false,false,false,false,false,false,false,false,false,false,false,false,false,false,false,false,false,false,false,false,false,false,false,false,false,false,false,false,false,false,false,false,false,false,false,false,false,false,false,false,false,false,true,true,false,false,false,false,false,true,false,false,true,false,false,false,false,false,false,false,false,false,false,false,false,false,false,false],"height":1.4665475934092882},{"image_id":"c9c7e587898246c7a7af4d66b624c17e","pose":[-0.281727,0.00685141,-0.95947,12.5015,0.95944,0.0126275,-0.281628,5.43972,0.0101864,-0.999896,-0.01013,1.47264,0,0,0,1],"included":true,"visible":[false,false,false,false,false,false,false,false,false,false,false,false,false,true,false,false,false,false,false,false,false,false,false,false,false,false,false,false,false,false,false,false,false,false,false,false,false,false,false,false,false,false,false,false,false,false,false,false,false,false,false,false,false,false,false,false,true,false,false,false,false,false,false,false,false,false,false,false,false,false,false,false,false,false,false,false,false],"unobstructed":[false,false,false,false,false,false,false,false,false,false,false,false,false,true,false,true,false,false,false,false,false,false,false,false,false,false,false,false,false,false,false,false,false,false,false,false,false,false,false,false,false,false,false,true,false,false,false,false,false,false,false,false,false,false,false,false,false,false,false,false,false,false,false,false,false,false,false,false,false,false,false,false,false,false,false,false,false],"height":1.4615510575662853},{"image_id":"cff2c62e83724edda036bbe481bf181b","pose":[0.828367,0.019748,-0.559836,10.8991,0.559932,0.000757806,0.828538,-2.45861,0.0167865,-0.999804,-0.0104288,1.46633,0,0,0,1],"included":true,"visible":[false,false,false,true,false,true,true,false,false,true,true,false,true,false,true,false,false,false,false,true,false,false,false,false,false,false,false,false,false,true,false,false,false,false,true,false,false,false,false,false,false,true,true,false,false,false,false,false,false,true,false,false,true,true,false,false,false,false,true,true,true,true,false,true,false,true,false,false,false,false,false,false,false,false,false,false,false],"unobstructed":[false,false,false,true,false,false,false,false,false,false,false,false,false,false,false,false,false,false,false,true,false,false,false,false,false,false,false,false,false,false,false,false,false,false,false,false,false,false,false,false,false,true,true,false,false,false,false,false,false,false,false,false,false,false,false,false,false,false,false,false,false,false,false,false,false,false,false,false,false,false,false,false,false,false,false,false,false],"height":1.4647597510324917},{"image_id":"334f156071b34579ae4772f623b03429","pose":[0.228253,0.00411012,0.973593,11.2889,-0.973601,0.0000012219,0.228255,0.144511,0.000937236,-0.999991,0.00400291,1.47509,0,0,0,1],"included":true,"visible":[true,true,true,true,false,true,false,true,false,true,true,false,false,false,true,false,false,false,false,false,true,false,false,false,false,true,false,false,true,true,false,true,true,true,true,true,false,false,false,true,false,true,true,false,false,false,false,false,false,false,false,false,false,true,false,true,false,false,false,false,false,false,false,true,false,false,false,false,false,true,true,false,false,false,false,true,false],"unobstructed":[false,false,false,true,false,true,false,false,false,true,true,false,false,false,false,false,false,false,false,false,false,false,false,false,false,false,false,false,false,false,false,false,false,false,true,false,false,false,false,false,false,false,true,false,false,false,false,false,false,false,false,false,false,false,false,false,false,false,false,false,false,false,false,false,false,false,false,false,false,false,true,false,false,false,false,false,false],"height":1.4632955581474523},{"image_id":"44e14ff2fcd34fa9a93265e53dc53b52","pose":[0.329671,-0.0117695,0.944022,25.4218,-0.943887,-0.0251152,0.32931,-2.02371,0.0198338,-0.999615,-0.0193878,0.58494,0,0,0,1],"included":true,"visible":[true,false,true,false,false,false,false,false,false,false,true,true,false,false,false,false,true,false,false,false,false,false,false,false,true,false,true,false,false,false,false,true,false,false,true,false,false,false,false,false,true,false,false,false,false,false,false,true,false,false,false,true,false,false,false,false,false,true,false,false,false,true,false,true,true,false,false,false,false,false,false,false,false,false,true,true,false],"unobstructed":[false,false,false,false,false,false,false,false,false,false,false,false,false,false,false,false,false,false,false,false,false,false,false,false,false,false,true,false,false,false,false,false,false,false,false,false,false,false,false,false,true,false,false,false,true,false,false,false,false,false,false,false,false,false,false,false,false,true,false,false,false,false,false,false,true,false,false,false,false,false,false,false,false,false,false,false,false],"height":1.4566783971985333},{"image_id":"6e31c6927a6948a7a32918d626028b8d","pose":[-0.33013,-0.0131239,0.943844,20.9783,-0.943935,0.00473961,-0.330096,-3.79152,-0.000141015,-0.999902,-0.0139518,0.585379,0,0,0,1],"included":true,"visible":[false,false,false,false,false,false,false,false,false,false,false,true,false,false,false,false,true,false,false,false,false,false,false,false,false,true,false,false,false,false,false,false,false,false,false,false,false,false,false,false,true,false,false,false,false,false,false,true,false,false,true,false,false,false,false,false,false,false,false,false,false,false,false,false,true,false,false,true,false,false,false,false,false,false,false,false,false],"unobstructed":[false,false,false,false,false,false,false,false,false,false,false,true,false,false,false,false,true,false,false,false,false,false,false,false,false,true,false,false,false,false,false,false,false,false,false,false,false,false,false,false,true,false,false,false,false,false,false,true,false,false,false,false,false,false,false,false,false,false,false,false,false,false,false,false,true,false,false,false,false,false,false,false,false,false,false,false,false],"height":1.4567875746346237},{"image_id":"2f4d90acd4024c269fb0efe49a8ac540","pose":[-0.383855,-0.00279133,-0.923389,22.2412,0.923364,0.00666642,-0.383865,0.0620345,0.00722746,-0.999973,0.0000194917,0.601287,0,0,0,1],"included":true,"visible":[false,false,false,false,false,false,false,false,false,false,false,true,false,false,false,false,true,false,false,false,false,false,false,false,false,false,false,false,false,false,true,false,false,false,false,false,false,false,false,false,false,false,false,false,false,false,true,true,false,false,true,true,false,false,false,false,false,false,false,false,false,true,false,false,true,false,false,true,false,false,false,false,false,false,true,false,true],"unobstructed":[false,false,false,false,false,false,false,false,false,false,false,true,false,false,false,false,true,false,false,false,false,false,false,false,false,false,false,false,false,false,true,false,false,false,false,false,false,false,false,false,false,false,false,false,false,false,true,false,false,false,false,true,false,false,false,false,false,false,false,false,false,false,false,false,true,false,false,true,false,false,false,false,false,false,true,false,true],"height":1.4677272346001975},{"image_id":"2ed7a969a2d94eeb992c4f49d59cf0d7","pose":[-0.0581752,0.00277271,-0.998302,2.03204,0.998073,0.0217487,-0.0581012,0.288012,0.0215509,-0.999759,-0.00403158,1.456,0,0,0,1],"included":true,"visible":[true,false,true,false,false,false,false,true,true,false,true,false,true,false,false,false,false,true,false,false,true,false,false,false,true,false,false,false,false,true,false,true,true,false,true,false,false,false,true,false,false,false,true,false,false,false,false,false,false,false,false,false,true,false,false,false,false,false,false,true,true,false,false,false,false,false,false,false,false,true,true,false,false,true,false,true,false],"unobstructed":[false,false,false,false,false,false,false,false,false,false,false,false,false,false,false,false,false,true,false,false,true,false,false,false,false,false,false,false,false,true,false,false,true,false,false,false,false,false,true,false,false,false,false,false,false,false,false,false,false,false,false,false,false,false,false,false,false,false,false,true,false,false,false,false,false,false,false,false,false,true,false,false,false,true,false,false,false],"height":1.4614050541941186},{"image_id":"a25a1fe848e044a99a0033878cd108bb","pose":[-0.986322,-0.00447256,-0.164764,3.91344,0.164604,0.0249158,-0.986045,0.525612,0.00851564,-0.999679,-0.0238378,1.45693,0,0,0,1],"included":true,"visible":[true,false,true,false,false,false,false,true,false,false,true,false,true,false,false,false,false,true,false,false,true,false,false,true,true,false,false,false,true,false,false,true,true,true,true,false,false,false,true,false,false,false,true,false,false,false,false,false,false,false,false,false,false,false,false,true,false,false,false,true,true,false,false,false,false,true,false,false,false,true,true,false,false,false,false,true,false],"unobstructed":[false,false,false,false,false,false,false,true,false,false,false,false,true,false,false,false,false,false,false,false,false,false,false,false,false,false,false,false,true,false,false,false,true,false,false,false,false,false,false,false,false,false,false,false,false,false,false,false,false,false,false,false,false,false,false,false,false,false,false,false,false,false,false,false,false,false,false,false,false,false,false,false,false,false,false,false,false],"height":1.4687579817774354},{"image_id":"2fd10d37b87f46d6b4e0501aac549c6f","pose":[0.899748,0.00912435,-0.436313,23.2096,0.436294,0.00415124,0.899794,1.51175,0.0100216,-0.999949,-0.000244812,0.599335,0,0,0,1],"included":true,"visible":[false,false,false,false,false,true,false,false,false,false,false,true,false,false,false,false,true,false,true,false,false,false,false,false,true,false,true,false,true,true,false,false,true,false,false,false,true,true,false,false,false,false,true,false,false,true,true,true,false,false,true,true,true,true,false,false,false,false,true,false,false,false,true,true,false,false,false,true,false,true,true,false,false,false,false,false,true],"unobstructed":[false,false,false,false,false,false,false,false,false,false,false,true,false,false,false,false,true,false,false,false,false,false,false,false,false,false,false,true,false,false,false,false,false,false,false,false,false,false,false,false,false,false,false,false,false,false,false,false,false,false,false,false,false,false,false,false,false,false,false,false,false,false,true,false,false,false,false,false,false,false,false,false,false,false,false,false,true],"height":1.4630083640829883},{"image_id":"77b24e884d9f47599994c1ade95f0b89","pose":[-0.141365,-0.0205547,0.989744,15.1717,-0.989954,0.00505311,-0.14129,0.00226349,-0.00209683,-0.999776,-0.0210616,1.46932,0,0,0,1],"included":true,"visible":[true,false,true,true,true,true,false,true,false,false,true,false,true,false,true,false,false,false,false,false,true,false,false,false,true,true,false,false,true,true,false,false,true,true,true,false,false,false,false,false,true,false,true,false,false,true,false,false,true,false,false,false,true,false,false,false,false,true,true,false,false,true,false,false,false,true,false,false,false,true,true,false,false,false,false,true,false],"unobstructed":[false,false,true,true,false,true,false,false,false,false,true,false,false,false,false,false,false,false,false,false,false,false,false,false,false,false,false,false,false,false,false,false,false,true,false,false,false,false,false,false,false,false,false,false,false,false,false,false,false,false,false,false,false,false,false,false,false,false,true,false,false,false,false,false,false,false,false,false,false,false,false,false,false,false,false,false,false],"height":1.454495643292384},{"image_id":"b29274ad819d4011aab6f538373d0ee1","pose":[-0.997169,-0.00836646,0.0747133,3.6274,-0.0749098,0.0263015,-0.996843,-1.1777,0.00637524,-0.999619,-0.0268528,1.45422,0,0,0,1],"included":true,"visible":[false,false,true,true,false,true,false,false,false,false,true,false,true,false,false,false,false,true,false,false,true,false,false,true,true,false,false,false,true,true,false,true,false,false,true,false,false,true,false,false,false,false,false,false,false,true,false,false,false,false,false,false,true,false,false,false,false,false,true,true,true,true,false,false,false,true,false,false,false,true,false,false,true,true,false,true,false],"unobstructed":[false,false,false,false,false,false,false,false,false,false,false,false,true,false,false,false,false,false,false,false,false,false,false,false,false,false,false,false,true,true,false,false,false,false,false,false,false,false,false,false,false,false,false,false,false,false,false,false,false,false,false,false,false,false,false,false,false,false,false,false,false,false,false,false,false,true,false,false,false,true,false,false,false,false,false,false,false],"height":1.468129986886619},{"image_id":"12eaa3a3a39e4c9fa5106812cb7da084","pose":[0.627653,0.0101503,-0.778426,16.424,0.778382,0.00862003,0.627731,-1.33661,0.013082,-0.999911,-0.00248938,1.46022,0,0,0,1],"included":true,"visible":[false,true,true,false,false,true,false,true,false,true,true,false,true,false,false,false,false,false,false,false,false,true,false,false,true,false,false,false,true,true,false,true,false,false,true,false,false,false,true,false,false,false,true,false,false,true,false,false,true,false,false,false,true,false,false,true,false,false,true,false,false,true,false,false,false,true,false,false,false,false,true,false,false,false,false,true,false],"unobstructed":[true,false,true,false,false,false,false,false,false,false,true,false,false,false,false,false,false,false,false,false,false,false,false,false,false,false,false,false,false,false,false,true,false,false,false,false,false,false,false,false,false,false,false,false,false,false,false,false,true,false,false,false,true,false,false,false,false,false,false,false,false,false,false,false,false,false,false,false,false,false,false,false,false,false,false,true,false],"height":1.4575300088552223},{"image_id":"4ebc0f4d023c482ca72e8129ca042c13","pose":[-0.796413,-0.00300288,-0.604745,9.47533,0.604393,0.0304776,-0.796102,1.56885,0.0208221,-0.999531,-0.0224568,1.47916,0,0,0,1],"included":true,"visible":[true,true,true,true,false,false,false,true,false,true,true,false,false,false,true,false,false,true,false,true,false,false,false,false,true,true,false,false,true,true,false,true,false,true,false,true,false,true,true,true,false,true,true,false,false,false,false,false,false,true,false,false,false,false,false,true,false,true,false,false,true,false,false,true,false,false,false,false,false,true,true,false,false,false,false,true,false],"unobstructed":[false,false,false,false,false,false,false,true,false,true,false,false,false,false,false,false,false,false,false,false,fa